Iteracao: 1
Caminho: 0, 5, 20, 59, 33, 10, 89, 63, 69, 53, 87, 44, 1, 2, 16, 19, 27, 75, 43, 17, 26, 15, 21, 92, 9, 37, 60, 90, 4, 23, 99, 35, 56, 91, 13, 72, 83, 14, 24, 76, 40, 30, 38, 70, 84, 46, 12, 11, 22, 52, 8, 61, 73, 25, 50, 48, 34, 96, 64, 98, 6, 85, 29, 7, 45, 55, 95, 42, 68, 18, 80, 49, 78, 97, 74, 41, 77, 62, 65, 82, 54, 57, 51, 88, 93, 94, 81, 47, 39, 58, 32, 71, 3, 28, 66, 86, 79, 36, 67, 31
Distancia total: 5005

Iteracao: 2
Caminho: 0, 5, 20, 59, 33, 10, 89, 63, 69, 53, 87, 44, 1, 2, 16, 19, 27, 75, 43, 17, 26, 15, 21, 92, 9, 37, 60, 90, 4, 23, 99, 35, 56, 91, 13, 72, 83, 14, 24, 76, 40, 30, 38, 70, 84, 46, 12, 11, 22, 52, 8, 61, 73, 25, 50, 48, 34, 96, 64, 98, 6, 85, 29, 7, 45, 55, 95, 42, 68, 18, 80, 49, 78, 97, 74, 41, 77, 62, 65, 82, 54, 57, 51, 88, 93, 94, 81, 47, 39, 58, 32, 71, 3, 28, 66, 86, 79, 36, 67, 31
Distancia total: 5005

Iteracao: 3
Caminho: 0, 5, 20, 59, 33, 10, 89, 63, 69, 53, 87, 44, 1, 2, 16, 19, 27, 75, 43, 17, 26, 15, 21, 92, 9, 37, 60, 90, 4, 23, 99, 35, 56, 91, 13, 72, 83, 14, 24, 76, 40, 30, 38, 70, 84, 46, 12, 11, 22, 52, 8, 61, 73, 25, 50, 48, 34, 96, 64, 98, 6, 85, 29, 7, 45, 55, 95, 42, 68, 18, 80, 49, 78, 97, 74, 41, 77, 62, 65, 82, 54, 57, 51, 88, 93, 94, 81, 47, 39, 58, 32, 71, 3, 28, 66, 86, 79, 36, 67, 31
Distancia total: 5005

Iteracao: 4
Caminho: 0, 5, 20, 59, 33, 10, 89, 63, 69, 53, 87, 44, 1, 2, 16, 19, 27, 75, 43, 17, 26, 15, 21, 92, 9, 37, 60, 90, 4, 23, 99, 35, 56, 91, 13, 72, 83, 14, 24, 76, 40, 30, 38, 70, 84, 46, 12, 11, 22, 52, 8, 61, 73, 25, 50, 48, 34, 96, 64, 98, 6, 85, 29, 7, 45, 55, 95, 42, 68, 18, 80, 49, 78, 97, 74, 41, 77, 62, 65, 82, 54, 57, 51, 88, 93, 94, 81, 47, 39, 58, 32, 71, 3, 28, 66, 86, 79, 36, 67, 31
Distancia total: 5005

Iteracao: 5
Caminho: 0, 5, 20, 59, 33, 10, 89, 63, 69, 53, 87, 44, 1, 2, 16, 19, 27, 75, 43, 17, 26, 15, 21, 92, 9, 37, 60, 90, 4, 23, 99, 35, 56, 91, 13, 72, 83, 14, 24, 76, 40, 30, 38, 70, 84, 46, 12, 11, 22, 52, 8, 61, 73, 25, 50, 48, 34, 96, 64, 98, 6, 85, 29, 7, 45, 55, 95, 42, 68, 18, 80, 49, 78, 97, 74, 41, 77, 62, 65, 82, 54, 57, 51, 88, 93, 94, 81, 47, 39, 58, 32, 71, 3, 28, 66, 86, 79, 36, 67, 31
Distancia total: 5005

Iteracao: 6
Caminho: 0, 5, 20, 59, 33, 10, 89, 63, 69, 53, 87, 44, 1, 2, 16, 19, 27, 75, 43, 17, 26, 15, 21, 92, 9, 37, 60, 90, 4, 23, 99, 35, 56, 91, 13, 72, 83, 14, 24, 76, 40, 30, 38, 70, 84, 46, 12, 11, 22, 52, 8, 61, 73, 25, 50, 48, 34, 96, 64, 98, 6, 85, 29, 7, 45, 55, 95, 42, 68, 18, 80, 49, 78, 97, 74, 41, 77, 62, 65, 82, 54, 57, 51, 88, 93, 94, 81, 47, 39, 58, 32, 71, 3, 28, 66, 86, 79, 36, 67, 31
Distancia total: 5005

Iteracao: 7
Caminho: 0, 5, 20, 59, 33, 10, 89, 63, 69, 53, 87, 44, 1, 2, 16, 19, 27, 75, 43, 17, 26, 15, 21, 92, 9, 37, 60, 90, 4, 23, 99, 35, 56, 91, 13, 72, 83, 14, 24, 76, 40, 30, 38, 70, 84, 46, 12, 11, 22, 52, 8, 61, 73, 25, 50, 48, 34, 96, 64, 98, 6, 85, 29, 7, 45, 55, 95, 42, 68, 18, 80, 49, 78, 97, 74, 41, 77, 62, 65, 82, 54, 57, 51, 88, 93, 94, 81, 47, 39, 58, 32, 71, 3, 28, 66, 86, 79, 36, 67, 31
Distancia total: 5005

Iteracao: 8
Caminho: 0, 2, 1, 3, 7, 19, 50, 11, 12, 86, 46, 30, 6, 16, 47, 88, 15, 22, 18, 23, 28, 33, 53, 34, 4, 32, 76, 74, 97, 49, 66, 99, 17, 27, 20, 31, 41, 77, 45, 29, 79, 65, 80, 83, 96, 52, 21, 72, 8, 81, 60, 78, 5, 67, 9, 35, 38, 82, 64, 87, 98, 84, 24, 58, 13, 14, 40, 75, 91, 95, 73, 92, 94, 62, 55, 85, 25, 36, 10, 59, 26, 61, 70, 51, 39, 44, 89, 71, 90, 68, 93, 63, 69, 43, 37, 48, 56, 54, 42, 57
Distancia total: 4704

Iteracao: 9
Caminho: 0, 40, 51, 87, 73, 97, 89, 62, 65, 71, 83, 66, 99, 90, 39, 92, 94, 77, 29, 63, 69, 56, 68, 55, 45, 6, 15, 21, 17, 7, 9, 46, 64, 4, 31, 23, 33, 53, 80, 79, 60, 78, 48, 67, 59, 74, 16, 41, 3, 1, 2, 54, 57, 24, 84, 30, 38, 35, 93, 86, 75, 91, 25, 36, 27, 20, 28, 52, 70, 42, 13, 14, 43, 58, 81, 11, 12, 85, 96, 47, 44, 5, 88, 26, 18, 19, 34, 32, 72, 98, 95, 8, 37, 50, 10, 76, 82, 49, 22, 61
Distancia total: 4387

Iteracao: 10
Caminho: 0, 2, 1, 3, 44, 4, 71, 83, 39, 37, 34, 94, 92, 50, 48, 95, 66, 75, 91, 98, 99, 18, 86, 35, 38, 19, 28, 9, 46, 64, 56, 20, 27, 55, 82, 77, 69, 63, 6, 15, 21, 26, 72, 13, 14, 31, 53, 33, 61, 76, 45, 29, 49, 23, 7, 88, 10, 54, 57, 8, 24, 84, 17, 51, 81, 43, 70, 47, 60, 78, 40, 73, 97, 87, 42, 22, 25, 36, 67, 59, 89, 62, 65, 5, 30, 16, 68, 85, 79, 80, 32, 58, 11, 12, 52, 96, 90, 41, 74, 93
Distancia total: 3831

Iteracao: 11
Caminho: 0, 8, 94, 92, 88, 5, 10, 21, 72, 41, 87, 61, 17, 70, 84, 43, 98, 95, 51, 81, 13, 14, 96, 71, 83, 48, 50, 80, 79, 90, 85, 11, 12, 58, 32, 4, 3, 2, 1, 33, 53, 49, 39, 47, 60, 78, 34, 37, 57, 54, 26, 15, 42, 97, 22, 6, 27, 20, 31, 59, 16, 23, 56, 89, 55, 45, 29, 82, 77, 63, 69, 74, 99, 86, 35, 38, 75, 91, 66, 28, 9, 68, 76, 18, 19, 40, 30, 7, 65, 62, 67, 36, 25, 44, 64, 46, 93, 52, 24, 73
Distancia total: 3236

Iteracao: 12
Caminho: 0, 2, 1, 3, 4, 17, 70, 94, 92, 88, 60, 78, 39, 37, 50, 48, 85, 90, 80, 79, 73, 97, 53, 49, 33, 20, 27, 7, 35, 38, 68, 76, 91, 75, 99, 40, 66, 28, 9, 18, 19, 30, 98, 95, 87, 22, 61, 8, 42, 57, 54, 26, 21, 15, 6, 23, 41, 74, 59, 89, 62, 65, 67, 55, 31, 45, 77, 82, 44, 64, 46, 56, 86, 10, 36, 25, 5, 52, 24, 43, 14, 13, 93, 84, 58, 96, 83, 71, 12, 11, 32, 47, 81, 51, 72, 16, 29, 63, 69, 34
Distancia total: 2836

Iteracao: 13
Caminho: 0, 1, 2, 3, 68, 76, 41, 86, 91, 75, 66, 93, 58, 83, 15, 21, 51, 81, 72, 10, 5, 39, 37, 78, 60, 47, 99, 54, 26, 57, 61, 8, 19, 28, 40, 18, 9, 31, 45, 59, 74, 97, 53, 33, 49, 92, 88, 94, 34, 48, 50, 13, 14, 43, 70, 84, 24, 52, 11, 12, 32, 71, 96, 90, 29, 62, 65, 80, 79, 85, 25, 36, 67, 89, 69, 63, 55, 77, 82, 44, 46, 64, 4, 56, 16, 23, 7, 27, 20, 22, 73, 42, 87, 30, 95, 98, 35, 38, 17, 6
Distancia total: 2720

Iteracao: 14
Caminho: 0, 3, 1, 2, 79, 80, 62, 65, 77, 82, 44, 64, 46, 11, 12, 24, 17, 32, 47, 7, 31, 45, 29, 90, 71, 96, 83, 15, 21, 52, 99, 98, 95, 87, 28, 9, 38, 35, 18, 19, 40, 73, 22, 6, 61, 54, 26, 72, 10, 50, 48, 85, 25, 36, 55, 63, 69, 59, 89, 67, 4, 14, 13, 93, 84, 70, 43, 58, 81, 51, 57, 8, 42, 66, 75, 91, 86, 56, 23, 41, 74, 76, 68, 16, 27, 20, 33, 53, 49, 92, 94, 88, 37, 39, 60, 78, 34, 5, 30, 97
Distancia total: 2648

Iteracao: 15
Caminho: 0, 1, 2, 3, 4, 7, 25, 67, 59, 74, 76, 68, 23, 41, 28, 16, 9, 38, 35, 8, 30, 18, 19, 42, 33, 53, 89, 69, 63, 55, 65, 62, 36, 91, 75, 70, 84, 43, 12, 11, 17, 24, 58, 93, 47, 60, 78, 51, 54, 61, 72, 26, 15, 21, 6, 22, 73, 87, 95, 98, 99, 66, 40, 86, 46, 64, 56, 44, 90, 71, 83, 96, 34, 48, 50, 85, 80, 79, 29, 81, 57, 52, 39, 37, 88, 94, 92, 49, 27, 20, 31, 45, 77, 82, 13, 14, 32, 5, 10, 97
Distancia total: 2603

Iteracao: 16
Caminho: 0, 2, 1, 3, 4, 7, 27, 20, 31, 45, 89, 62, 65, 67, 74, 59, 55, 69, 63, 82, 77, 44, 64, 46, 56, 68, 76, 18, 35, 38, 75, 91, 86, 43, 17, 24, 58, 84, 70, 93, 32, 13, 14, 71, 96, 83, 36, 25, 53, 33, 19, 30, 95, 98, 99, 87, 73, 97, 49, 10, 5, 37, 39, 60, 78, 80, 79, 16, 9, 28, 40, 66, 8, 42, 54, 26, 6, 15, 21, 22, 61, 72, 57, 51, 81, 52, 47, 88, 94, 92, 34, 48, 50, 85, 90, 29, 41, 23, 12, 11
Distancia total: 2522

Iteracao: 17
Caminho: 0, 1, 2, 3, 4, 7, 56, 76, 68, 23, 41, 16, 27, 20, 59, 74, 97, 53, 33, 10, 88, 72, 81, 51, 57, 24, 43, 84, 70, 52, 17, 58, 93, 47, 60, 78, 37, 34, 48, 50, 80, 79, 62, 65, 36, 25, 67, 55, 63, 69, 82, 77, 44, 64, 46, 86, 35, 38, 11, 12, 14, 13, 32, 71, 83, 96, 90, 29, 89, 31, 45, 28, 9, 18, 19, 8, 42, 54, 61, 22, 73, 21, 15, 75, 91, 66, 99, 98, 95, 87, 30, 40, 26, 6, 49, 94, 92, 5, 39, 85
Distancia total: 2478

Iteracao: 18
Caminho: 0, 1, 2, 3, 4, 7, 23, 41, 16, 9, 38, 35, 18, 19, 8, 30, 95, 99, 87, 73, 40, 66, 75, 91, 86, 83, 32, 14, 13, 93, 84, 70, 37, 39, 60, 78, 51, 81, 72, 21, 15, 6, 22, 61, 54, 57, 52, 47, 58, 71, 96, 90, 85, 88, 94, 92, 49, 33, 53, 5, 10, 34, 48, 50, 80, 65, 62, 36, 25, 79, 29, 82, 77, 89, 63, 69, 55, 45, 31, 27, 20, 59, 56, 68, 76, 74, 97, 28, 64, 46, 11, 12, 17, 24, 43, 98, 26, 42, 44, 67
Distancia total: 2473

Iteracao: 19
Caminho: 0, 3, 1, 2, 11, 12, 14, 13, 32, 47, 78, 39, 37, 34, 48, 4, 7, 23, 41, 16, 9, 28, 40, 35, 38, 56, 68, 76, 74, 59, 45, 31, 27, 20, 33, 53, 49, 10, 88, 92, 94, 72, 21, 15, 6, 22, 18, 19, 8, 42, 61, 54, 26, 57, 51, 81, 60, 85, 50, 80, 79, 62, 65, 77, 82, 44, 64, 46, 86, 43, 58, 93, 84, 70, 52, 98, 95, 87, 30, 24, 17, 75, 91, 66, 99, 73, 97, 89, 67, 36, 25, 55, 63, 69, 29, 90, 96, 83, 71, 5
Distancia total: 2234

Iteracao: 20
Caminho: 0, 3, 1, 2, 11, 12, 14, 13, 32, 47, 78, 39, 37, 34, 48, 4, 7, 23, 41, 16, 9, 28, 40, 35, 38, 56, 68, 76, 74, 59, 45, 31, 27, 20, 33, 53, 49, 10, 88, 92, 94, 72, 21, 15, 6, 22, 18, 19, 8, 42, 61, 54, 26, 57, 51, 81, 60, 85, 50, 80, 79, 62, 65, 77, 82, 44, 64, 46, 86, 43, 58, 93, 84, 70, 52, 98, 95, 87, 30, 24, 17, 75, 91, 66, 99, 73, 97, 89, 67, 36, 25, 55, 63, 69, 29, 90, 96, 83, 71, 5
Distancia total: 2234

Iteracao: 21
Caminho: 0, 3, 1, 2, 11, 12, 14, 13, 32, 47, 78, 39, 37, 34, 48, 4, 7, 23, 41, 16, 9, 28, 40, 35, 38, 56, 68, 76, 74, 59, 45, 31, 27, 20, 33, 53, 49, 10, 88, 92, 94, 72, 21, 15, 6, 22, 18, 19, 8, 42, 61, 54, 26, 57, 51, 81, 60, 85, 50, 80, 79, 62, 65, 77, 82, 44, 64, 46, 86, 43, 58, 93, 84, 70, 52, 98, 95, 87, 30, 24, 17, 75, 91, 66, 99, 73, 97, 89, 67, 36, 25, 55, 63, 69, 29, 90, 96, 83, 71, 5
Distancia total: 2234

Iteracao: 22
Caminho: 0, 3, 1, 2, 11, 12, 14, 13, 32, 47, 78, 39, 37, 34, 48, 4, 7, 23, 41, 16, 9, 28, 40, 35, 38, 56, 68, 76, 74, 59, 45, 31, 27, 20, 33, 53, 49, 10, 88, 92, 94, 72, 21, 15, 6, 22, 18, 19, 8, 42, 61, 54, 26, 57, 51, 81, 60, 85, 50, 80, 79, 62, 65, 77, 82, 44, 64, 46, 86, 43, 58, 93, 84, 70, 52, 98, 95, 87, 30, 24, 17, 75, 91, 66, 99, 73, 97, 89, 67, 36, 25, 55, 63, 69, 29, 90, 96, 83, 71, 5
Distancia total: 2234

Iteracao: 23
Caminho: 0, 3, 1, 2, 11, 12, 14, 13, 32, 47, 78, 39, 37, 34, 48, 4, 7, 23, 41, 16, 9, 28, 40, 35, 38, 56, 68, 76, 74, 59, 45, 31, 27, 20, 33, 53, 49, 10, 88, 92, 94, 72, 21, 15, 6, 22, 18, 19, 8, 42, 61, 54, 26, 57, 51, 81, 60, 85, 50, 80, 79, 62, 65, 77, 82, 44, 64, 46, 86, 43, 58, 93, 84, 70, 52, 98, 95, 87, 30, 24, 17, 75, 91, 66, 99, 73, 97, 89, 67, 36, 25, 55, 63, 69, 29, 90, 96, 83, 71, 5
Distancia total: 2234

Iteracao: 24
Caminho: 0, 3, 1, 2, 11, 12, 14, 13, 32, 47, 78, 39, 37, 34, 48, 4, 7, 23, 41, 16, 9, 28, 40, 35, 38, 56, 68, 76, 74, 59, 45, 31, 27, 20, 33, 53, 49, 10, 88, 92, 94, 72, 21, 15, 6, 22, 18, 19, 8, 42, 61, 54, 26, 57, 51, 81, 60, 85, 50, 80, 79, 62, 65, 77, 82, 44, 64, 46, 86, 43, 58, 93, 84, 70, 52, 98, 95, 87, 30, 24, 17, 75, 91, 66, 99, 73, 97, 89, 67, 36, 25, 55, 63, 69, 29, 90, 96, 83, 71, 5
Distancia total: 2234

Iteracao: 25
Caminho: 0, 3, 1, 2, 11, 12, 14, 13, 32, 47, 78, 39, 37, 34, 48, 4, 7, 23, 41, 16, 9, 28, 40, 35, 38, 56, 68, 76, 74, 59, 45, 31, 27, 20, 33, 53, 49, 10, 88, 92, 94, 72, 21, 15, 6, 22, 18, 19, 8, 42, 61, 54, 26, 57, 51, 81, 60, 85, 50, 80, 79, 62, 65, 77, 82, 44, 64, 46, 86, 43, 58, 93, 84, 70, 52, 98, 95, 87, 30, 24, 17, 75, 91, 66, 99, 73, 97, 89, 67, 36, 25, 55, 63, 69, 29, 90, 96, 83, 71, 5
Distancia total: 2234

Iteracao: 26
Caminho: 0, 3, 1, 2, 11, 12, 14, 13, 32, 47, 78, 39, 37, 34, 48, 4, 7, 23, 41, 16, 9, 28, 40, 35, 38, 56, 68, 76, 74, 59, 45, 31, 27, 20, 33, 53, 49, 10, 88, 92, 94, 72, 21, 15, 6, 22, 18, 19, 8, 42, 61, 54, 26, 57, 51, 81, 60, 85, 50, 80, 79, 62, 65, 77, 82, 44, 64, 46, 86, 43, 58, 93, 84, 70, 52, 98, 95, 87, 30, 24, 17, 75, 91, 66, 99, 73, 97, 89, 67, 36, 25, 55, 63, 69, 29, 90, 96, 83, 71, 5
Distancia total: 2234

Iteracao: 27
Caminho: 0, 3, 1, 2, 11, 12, 14, 13, 32, 47, 78, 39, 37, 34, 48, 4, 7, 23, 41, 16, 9, 28, 40, 35, 38, 56, 68, 76, 74, 59, 45, 31, 27, 20, 33, 53, 49, 10, 88, 92, 94, 72, 21, 15, 6, 22, 18, 19, 8, 42, 61, 54, 26, 57, 51, 81, 60, 85, 50, 80, 79, 62, 65, 77, 82, 44, 64, 46, 86, 43, 58, 93, 84, 70, 52, 98, 95, 87, 30, 24, 17, 75, 91, 66, 99, 73, 97, 89, 67, 36, 25, 55, 63, 69, 29, 90, 96, 83, 71, 5
Distancia total: 2234

Iteracao: 28
Caminho: 0, 3, 1, 2, 11, 12, 14, 13, 32, 47, 78, 39, 37, 34, 48, 4, 7, 23, 41, 16, 9, 28, 40, 35, 38, 56, 68, 76, 74, 59, 45, 31, 27, 20, 33, 53, 49, 10, 88, 92, 94, 72, 21, 15, 6, 22, 18, 19, 8, 42, 61, 54, 26, 57, 51, 81, 60, 85, 50, 80, 79, 62, 65, 77, 82, 44, 64, 46, 86, 43, 58, 93, 84, 70, 52, 98, 95, 87, 30, 24, 17, 75, 91, 66, 99, 73, 97, 89, 67, 36, 25, 55, 63, 69, 29, 90, 96, 83, 71, 5
Distancia total: 2234

Iteracao: 29
Caminho: 0, 3, 1, 2, 11, 12, 14, 13, 32, 47, 78, 39, 37, 34, 48, 4, 7, 23, 41, 16, 9, 28, 40, 35, 38, 56, 68, 76, 74, 59, 45, 31, 27, 20, 33, 53, 49, 10, 88, 92, 94, 72, 21, 15, 6, 22, 18, 19, 8, 42, 61, 54, 26, 57, 51, 81, 60, 85, 50, 80, 79, 62, 65, 77, 82, 44, 64, 46, 86, 43, 58, 93, 84, 70, 52, 98, 95, 87, 30, 24, 17, 75, 91, 66, 99, 73, 97, 89, 67, 36, 25, 55, 63, 69, 29, 90, 96, 83, 71, 5
Distancia total: 2234

Iteracao: 30
Caminho: 0, 3, 1, 2, 11, 12, 14, 13, 32, 47, 78, 39, 37, 34, 48, 4, 7, 23, 41, 16, 9, 28, 40, 35, 38, 56, 68, 76, 74, 59, 45, 31, 27, 20, 33, 53, 49, 10, 88, 92, 94, 72, 21, 15, 6, 22, 18, 19, 8, 42, 61, 54, 26, 57, 51, 81, 60, 85, 50, 80, 79, 62, 65, 77, 82, 44, 64, 46, 86, 43, 58, 93, 84, 70, 52, 98, 95, 87, 30, 24, 17, 75, 91, 66, 99, 73, 97, 89, 67, 36, 25, 55, 63, 69, 29, 90, 96, 83, 71, 5
Distancia total: 2234

Iteracao: 31
Caminho: 0, 3, 1, 2, 11, 12, 14, 13, 32, 47, 78, 39, 37, 34, 48, 4, 7, 23, 41, 16, 9, 28, 40, 35, 38, 56, 68, 76, 74, 59, 45, 31, 27, 20, 33, 53, 49, 10, 88, 92, 94, 72, 21, 15, 6, 22, 18, 19, 8, 42, 61, 54, 26, 57, 51, 81, 60, 85, 50, 80, 79, 62, 65, 77, 82, 44, 64, 46, 86, 43, 58, 93, 84, 70, 52, 98, 95, 87, 30, 24, 17, 75, 91, 66, 99, 73, 97, 89, 67, 36, 25, 55, 63, 69, 29, 90, 96, 83, 71, 5
Distancia total: 2234

Iteracao: 32
Caminho: 0, 3, 1, 2, 11, 12, 14, 13, 32, 47, 78, 39, 37, 34, 48, 4, 7, 23, 41, 16, 9, 28, 40, 35, 38, 56, 68, 76, 74, 59, 45, 31, 27, 20, 33, 53, 49, 10, 88, 92, 94, 72, 21, 15, 6, 22, 18, 19, 8, 42, 61, 54, 26, 57, 51, 81, 60, 85, 50, 80, 79, 62, 65, 77, 82, 44, 64, 46, 86, 43, 58, 93, 84, 70, 52, 98, 95, 87, 30, 24, 17, 75, 91, 66, 99, 73, 97, 89, 67, 36, 25, 55, 63, 69, 29, 90, 96, 83, 71, 5
Distancia total: 2234

Iteracao: 33
Caminho: 0, 3, 1, 2, 11, 12, 14, 13, 32, 47, 78, 39, 37, 34, 48, 4, 7, 23, 41, 16, 9, 28, 40, 35, 38, 56, 68, 76, 74, 59, 45, 31, 27, 20, 33, 53, 49, 10, 88, 92, 94, 72, 21, 15, 6, 22, 18, 19, 8, 42, 61, 54, 26, 57, 51, 81, 60, 85, 50, 80, 79, 62, 65, 77, 82, 44, 64, 46, 86, 43, 58, 93, 84, 70, 52, 98, 95, 87, 30, 24, 17, 75, 91, 66, 99, 73, 97, 89, 67, 36, 25, 55, 63, 69, 29, 90, 96, 83, 71, 5
Distancia total: 2234

Iteracao: 34
Caminho: 0, 3, 1, 2, 11, 12, 14, 13, 32, 47, 78, 39, 37, 34, 48, 4, 7, 23, 41, 16, 9, 28, 40, 35, 38, 56, 68, 76, 74, 59, 45, 31, 27, 20, 33, 53, 49, 10, 88, 92, 94, 72, 21, 15, 6, 22, 18, 19, 8, 42, 61, 54, 26, 57, 51, 81, 60, 85, 50, 80, 79, 62, 65, 77, 82, 44, 64, 46, 86, 43, 58, 93, 84, 70, 52, 98, 95, 87, 30, 24, 17, 75, 91, 66, 99, 73, 97, 89, 67, 36, 25, 55, 63, 69, 29, 90, 96, 83, 71, 5
Distancia total: 2234

Iteracao: 35
Caminho: 0, 2, 1, 3, 4, 7, 31, 45, 59, 27, 20, 33, 53, 49, 10, 5, 14, 13, 32, 58, 93, 84, 70, 52, 47, 60, 78, 51, 81, 57, 95, 98, 87, 30, 18, 19, 8, 42, 54, 61, 22, 6, 15, 21, 26, 72, 94, 92, 88, 37, 34, 48, 50, 85, 83, 96, 71, 90, 44, 64, 46, 56, 68, 76, 41, 16, 9, 38, 35, 66, 99, 75, 91, 86, 43, 17, 24, 12, 11, 77, 82, 89, 55, 69, 63, 79, 62, 65, 80, 67, 36, 25, 29, 74, 97, 23, 28, 40, 73, 39
Distancia total: 2199

Iteracao: 36
Caminho: 0, 2, 1, 3, 4, 7, 31, 45, 59, 27, 20, 33, 53, 49, 10, 5, 14, 13, 32, 58, 93, 84, 70, 52, 47, 60, 78, 51, 81, 57, 95, 98, 87, 30, 18, 19, 8, 42, 54, 61, 22, 6, 15, 21, 26, 72, 94, 92, 88, 37, 34, 48, 50, 85, 83, 96, 71, 90, 44, 64, 46, 56, 68, 76, 41, 16, 9, 38, 35, 66, 99, 75, 91, 86, 43, 17, 24, 12, 11, 77, 82, 89, 55, 69, 63, 79, 62, 65, 80, 67, 36, 25, 29, 74, 97, 23, 28, 40, 73, 39
Distancia total: 2199

Iteracao: 37
Caminho: 0, 2, 1, 3, 4, 7, 31, 45, 59, 27, 20, 33, 53, 49, 10, 5, 14, 13, 32, 58, 93, 84, 70, 52, 47, 60, 78, 51, 81, 57, 95, 98, 87, 30, 18, 19, 8, 42, 54, 61, 22, 6, 15, 21, 26, 72, 94, 92, 88, 37, 34, 48, 50, 85, 83, 96, 71, 90, 44, 64, 46, 56, 68, 76, 41, 16, 9, 38, 35, 66, 99, 75, 91, 86, 43, 17, 24, 12, 11, 77, 82, 89, 55, 69, 63, 79, 62, 65, 80, 67, 36, 25, 29, 74, 97, 23, 28, 40, 73, 39
Distancia total: 2199

Iteracao: 38
Caminho: 0, 2, 1, 3, 4, 7, 31, 45, 59, 27, 20, 33, 53, 49, 10, 5, 14, 13, 32, 58, 93, 84, 70, 52, 47, 60, 78, 51, 81, 57, 95, 98, 87, 30, 18, 19, 8, 42, 54, 61, 22, 6, 15, 21, 26, 72, 94, 92, 88, 37, 34, 48, 50, 85, 83, 96, 71, 90, 44, 64, 46, 56, 68, 76, 41, 16, 9, 38, 35, 66, 99, 75, 91, 86, 43, 17, 24, 12, 11, 77, 82, 89, 55, 69, 63, 79, 62, 65, 80, 67, 36, 25, 29, 74, 97, 23, 28, 40, 73, 39
Distancia total: 2199

Iteracao: 39
Caminho: 0, 2, 1, 3, 4, 7, 31, 45, 59, 27, 20, 33, 53, 49, 10, 5, 14, 13, 32, 58, 93, 84, 70, 52, 47, 60, 78, 51, 81, 57, 95, 98, 87, 30, 18, 19, 8, 42, 54, 61, 22, 6, 15, 21, 26, 72, 94, 92, 88, 37, 34, 48, 50, 85, 83, 96, 71, 90, 44, 64, 46, 56, 68, 76, 41, 16, 9, 38, 35, 66, 99, 75, 91, 86, 43, 17, 24, 12, 11, 77, 82, 89, 55, 69, 63, 79, 62, 65, 80, 67, 36, 25, 29, 74, 97, 23, 28, 40, 73, 39
Distancia total: 2199

Iteracao: 40
Caminho: 0, 2, 1, 3, 4, 7, 31, 45, 59, 27, 20, 33, 53, 49, 10, 5, 14, 13, 32, 58, 93, 84, 70, 52, 47, 60, 78, 51, 81, 57, 95, 98, 87, 30, 18, 19, 8, 42, 54, 61, 22, 6, 15, 21, 26, 72, 94, 92, 88, 37, 34, 48, 50, 85, 83, 96, 71, 90, 44, 64, 46, 56, 68, 76, 41, 16, 9, 38, 35, 66, 99, 75, 91, 86, 43, 17, 24, 12, 11, 77, 82, 89, 55, 69, 63, 79, 62, 65, 80, 67, 36, 25, 29, 74, 97, 23, 28, 40, 73, 39
Distancia total: 2199

Iteracao: 41
Caminho: 0, 2, 1, 3, 4, 7, 31, 45, 59, 27, 20, 33, 53, 49, 10, 5, 14, 13, 32, 58, 93, 84, 70, 52, 47, 60, 78, 51, 81, 57, 95, 98, 87, 30, 18, 19, 8, 42, 54, 61, 22, 6, 15, 21, 26, 72, 94, 92, 88, 37, 34, 48, 50, 85, 83, 96, 71, 90, 44, 64, 46, 56, 68, 76, 41, 16, 9, 38, 35, 66, 99, 75, 91, 86, 43, 17, 24, 12, 11, 77, 82, 89, 55, 69, 63, 79, 62, 65, 80, 67, 36, 25, 29, 74, 97, 23, 28, 40, 73, 39
Distancia total: 2199

Iteracao: 42
Caminho: 0, 2, 1, 3, 4, 7, 31, 45, 59, 27, 20, 33, 53, 49, 10, 5, 14, 13, 32, 58, 93, 84, 70, 52, 47, 60, 78, 51, 81, 57, 95, 98, 87, 30, 18, 19, 8, 42, 54, 61, 22, 6, 15, 21, 26, 72, 94, 92, 88, 37, 34, 48, 50, 85, 83, 96, 71, 90, 44, 64, 46, 56, 68, 76, 41, 16, 9, 38, 35, 66, 99, 75, 91, 86, 43, 17, 24, 12, 11, 77, 82, 89, 55, 69, 63, 79, 62, 65, 80, 67, 36, 25, 29, 74, 97, 23, 28, 40, 73, 39
Distancia total: 2199

Iteracao: 43
Caminho: 0, 2, 1, 3, 4, 7, 31, 45, 59, 27, 20, 33, 53, 49, 10, 5, 14, 13, 32, 58, 93, 84, 70, 52, 47, 60, 78, 51, 81, 57, 95, 98, 87, 30, 18, 19, 8, 42, 54, 61, 22, 6, 15, 21, 26, 72, 94, 92, 88, 37, 34, 48, 50, 85, 83, 96, 71, 90, 44, 64, 46, 56, 68, 76, 41, 16, 9, 38, 35, 66, 99, 75, 91, 86, 43, 17, 24, 12, 11, 77, 82, 89, 55, 69, 63, 79, 62, 65, 80, 67, 36, 25, 29, 74, 97, 23, 28, 40, 73, 39
Distancia total: 2199

Iteracao: 44
Caminho: 0, 2, 1, 3, 4, 7, 31, 45, 55, 63, 69, 89, 67, 36, 25, 29, 82, 77, 44, 64, 46, 86, 91, 75, 99, 40, 35, 38, 66, 30, 23, 41, 16, 74, 59, 27, 20, 33, 53, 49, 10, 5, 34, 48, 50, 85, 80, 65, 62, 79, 90, 71, 96, 83, 32, 13, 14, 12, 11, 17, 24, 43, 70, 84, 93, 58, 47, 60, 78, 39, 37, 88, 92, 94, 72, 26, 21, 15, 6, 22, 61, 54, 57, 51, 81, 52, 56, 68, 76, 28, 9, 18, 19, 8, 42, 87, 73, 97, 98, 95
Distancia total: 2112

Iteracao: 45
Caminho: 0, 2, 1, 3, 4, 7, 31, 45, 55, 63, 69, 89, 67, 36, 25, 29, 82, 77, 44, 64, 46, 86, 91, 75, 99, 40, 35, 38, 66, 30, 23, 41, 16, 74, 59, 27, 20, 33, 53, 49, 10, 5, 34, 48, 50, 85, 80, 65, 62, 79, 90, 71, 96, 83, 32, 13, 14, 12, 11, 17, 24, 43, 70, 84, 93, 58, 47, 60, 78, 39, 37, 88, 92, 94, 72, 26, 21, 15, 6, 22, 61, 54, 57, 51, 81, 52, 56, 68, 76, 28, 9, 18, 19, 8, 42, 87, 73, 97, 98, 95
Distancia total: 2112

Iteracao: 46
Caminho: 0, 2, 1, 3, 4, 7, 31, 45, 55, 63, 69, 89, 67, 36, 25, 29, 82, 77, 44, 64, 46, 86, 91, 75, 99, 40, 35, 38, 66, 30, 23, 41, 16, 74, 59, 27, 20, 33, 53, 49, 10, 5, 34, 48, 50, 85, 80, 65, 62, 79, 90, 71, 96, 83, 32, 13, 14, 12, 11, 17, 24, 43, 70, 84, 93, 58, 47, 60, 78, 39, 37, 88, 92, 94, 72, 26, 21, 15, 6, 22, 61, 54, 57, 51, 81, 52, 56, 68, 76, 28, 9, 18, 19, 8, 42, 87, 73, 97, 98, 95
Distancia total: 2112

Iteracao: 47
Caminho: 0, 2, 1, 3, 4, 7, 31, 45, 55, 63, 69, 89, 67, 36, 25, 29, 82, 77, 44, 64, 46, 86, 91, 75, 99, 40, 35, 38, 66, 30, 23, 41, 16, 74, 59, 27, 20, 33, 53, 49, 10, 5, 34, 48, 50, 85, 80, 65, 62, 79, 90, 71, 96, 83, 32, 13, 14, 12, 11, 17, 24, 43, 70, 84, 93, 58, 47, 60, 78, 39, 37, 88, 92, 94, 72, 26, 21, 15, 6, 22, 61, 54, 57, 51, 81, 52, 56, 68, 76, 28, 9, 18, 19, 8, 42, 87, 73, 97, 98, 95
Distancia total: 2112

Iteracao: 48
Caminho: 0, 2, 1, 3, 4, 7, 31, 45, 55, 63, 69, 89, 67, 36, 25, 29, 82, 77, 44, 64, 46, 86, 91, 75, 99, 40, 35, 38, 66, 30, 23, 41, 16, 74, 59, 27, 20, 33, 53, 49, 10, 5, 34, 48, 50, 85, 80, 65, 62, 79, 90, 71, 96, 83, 32, 13, 14, 12, 11, 17, 24, 43, 70, 84, 93, 58, 47, 60, 78, 39, 37, 88, 92, 94, 72, 26, 21, 15, 6, 22, 61, 54, 57, 51, 81, 52, 56, 68, 76, 28, 9, 18, 19, 8, 42, 87, 73, 97, 98, 95
Distancia total: 2112

Iteracao: 49
Caminho: 0, 2, 1, 3, 4, 7, 31, 45, 55, 63, 69, 89, 67, 36, 25, 29, 82, 77, 44, 64, 46, 86, 91, 75, 99, 40, 35, 38, 66, 30, 23, 41, 16, 74, 59, 27, 20, 33, 53, 49, 10, 5, 34, 48, 50, 85, 80, 65, 62, 79, 90, 71, 96, 83, 32, 13, 14, 12, 11, 17, 24, 43, 70, 84, 93, 58, 47, 60, 78, 39, 37, 88, 92, 94, 72, 26, 21, 15, 6, 22, 61, 54, 57, 51, 81, 52, 56, 68, 76, 28, 9, 18, 19, 8, 42, 87, 73, 97, 98, 95
Distancia total: 2112

Iteracao: 50
Caminho: 0, 2, 1, 3, 4, 7, 31, 45, 55, 63, 69, 89, 67, 36, 25, 29, 82, 77, 44, 64, 46, 86, 91, 75, 99, 40, 35, 38, 66, 30, 23, 41, 16, 74, 59, 27, 20, 33, 53, 49, 10, 5, 34, 48, 50, 85, 80, 65, 62, 79, 90, 71, 96, 83, 32, 13, 14, 12, 11, 17, 24, 43, 70, 84, 93, 58, 47, 60, 78, 39, 37, 88, 92, 94, 72, 26, 21, 15, 6, 22, 61, 54, 57, 51, 81, 52, 56, 68, 76, 28, 9, 18, 19, 8, 42, 87, 73, 97, 98, 95
Distancia total: 2112

Iteracao: 51
Caminho: 0, 2, 1, 3, 4, 7, 31, 45, 55, 63, 69, 89, 67, 36, 25, 29, 82, 77, 44, 64, 46, 86, 91, 75, 99, 40, 35, 38, 66, 30, 23, 41, 16, 74, 59, 27, 20, 33, 53, 49, 10, 5, 34, 48, 50, 85, 80, 65, 62, 79, 90, 71, 96, 83, 32, 13, 14, 12, 11, 17, 24, 43, 70, 84, 93, 58, 47, 60, 78, 39, 37, 88, 92, 94, 72, 26, 21, 15, 6, 22, 61, 54, 57, 51, 81, 52, 56, 68, 76, 28, 9, 18, 19, 8, 42, 87, 73, 97, 98, 95
Distancia total: 2112

Iteracao: 52
Caminho: 0, 2, 1, 3, 4, 7, 31, 45, 55, 63, 69, 89, 67, 36, 25, 29, 82, 77, 44, 64, 46, 86, 91, 75, 99, 40, 35, 38, 66, 30, 23, 41, 16, 74, 59, 27, 20, 33, 53, 49, 10, 5, 34, 48, 50, 85, 80, 65, 62, 79, 90, 71, 96, 83, 32, 13, 14, 12, 11, 17, 24, 43, 70, 84, 93, 58, 47, 60, 78, 39, 37, 88, 92, 94, 72, 26, 21, 15, 6, 22, 61, 54, 57, 51, 81, 52, 56, 68, 76, 28, 9, 18, 19, 8, 42, 87, 73, 97, 98, 95
Distancia total: 2112

Iteracao: 53
Caminho: 0, 2, 1, 3, 4, 7, 31, 45, 55, 63, 69, 89, 67, 36, 25, 29, 82, 77, 44, 64, 46, 86, 91, 75, 99, 40, 35, 38, 66, 30, 23, 41, 16, 74, 59, 27, 20, 33, 53, 49, 10, 5, 34, 48, 50, 85, 80, 65, 62, 79, 90, 71, 96, 83, 32, 13, 14, 12, 11, 17, 24, 43, 70, 84, 93, 58, 47, 60, 78, 39, 37, 88, 92, 94, 72, 26, 21, 15, 6, 22, 61, 54, 57, 51, 81, 52, 56, 68, 76, 28, 9, 18, 19, 8, 42, 87, 73, 97, 98, 95
Distancia total: 2112

Iteracao: 54
Caminho: 0, 2, 1, 3, 4, 7, 31, 45, 55, 63, 69, 89, 67, 36, 25, 29, 82, 77, 44, 64, 46, 86, 91, 75, 99, 40, 35, 38, 66, 30, 23, 41, 16, 74, 59, 27, 20, 33, 53, 49, 10, 5, 34, 48, 50, 85, 80, 65, 62, 79, 90, 71, 96, 83, 32, 13, 14, 12, 11, 17, 24, 43, 70, 84, 93, 58, 47, 60, 78, 39, 37, 88, 92, 94, 72, 26, 21, 15, 6, 22, 61, 54, 57, 51, 81, 52, 56, 68, 76, 28, 9, 18, 19, 8, 42, 87, 73, 97, 98, 95
Distancia total: 2112

Iteracao: 55
Caminho: 0, 2, 1, 3, 4, 7, 31, 45, 55, 63, 69, 89, 67, 36, 25, 29, 82, 77, 44, 64, 46, 86, 91, 75, 99, 40, 35, 38, 66, 30, 23, 41, 16, 74, 59, 27, 20, 33, 53, 49, 10, 5, 34, 48, 50, 85, 80, 65, 62, 79, 90, 71, 96, 83, 32, 13, 14, 12, 11, 17, 24, 43, 70, 84, 93, 58, 47, 60, 78, 39, 37, 88, 92, 94, 72, 26, 21, 15, 6, 22, 61, 54, 57, 51, 81, 52, 56, 68, 76, 28, 9, 18, 19, 8, 42, 87, 73, 97, 98, 95
Distancia total: 2112

Iteracao: 56
Caminho: 0, 2, 1, 3, 4, 7, 31, 45, 55, 63, 69, 89, 67, 36, 25, 29, 82, 77, 44, 64, 46, 86, 91, 75, 99, 40, 35, 38, 66, 30, 23, 41, 16, 74, 59, 27, 20, 33, 53, 49, 10, 5, 34, 48, 50, 85, 80, 65, 62, 79, 90, 71, 96, 83, 32, 13, 14, 12, 11, 17, 24, 43, 70, 84, 93, 58, 47, 60, 78, 39, 37, 88, 92, 94, 72, 26, 21, 15, 6, 22, 61, 54, 57, 51, 81, 52, 56, 68, 76, 28, 9, 18, 19, 8, 42, 87, 73, 97, 98, 95
Distancia total: 2112

Iteracao: 57
Caminho: 0, 2, 1, 3, 4, 7, 31, 45, 55, 63, 69, 89, 67, 36, 25, 29, 82, 77, 44, 64, 46, 86, 91, 75, 99, 40, 35, 38, 66, 30, 23, 41, 16, 74, 59, 27, 20, 33, 53, 49, 10, 5, 34, 48, 50, 85, 80, 65, 62, 79, 90, 71, 96, 83, 32, 13, 14, 12, 11, 17, 24, 43, 70, 84, 93, 58, 47, 60, 78, 39, 37, 88, 92, 94, 72, 26, 21, 15, 6, 22, 61, 54, 57, 51, 81, 52, 56, 68, 76, 28, 9, 18, 19, 8, 42, 87, 73, 97, 98, 95
Distancia total: 2112

Iteracao: 58
Caminho: 0, 1, 2, 3, 4, 7, 31, 45, 55, 63, 69, 89, 67, 36, 25, 29, 79, 62, 65, 80, 85, 48, 50, 34, 37, 88, 92, 94, 72, 21, 15, 6, 22, 61, 26, 8, 42, 54, 57, 51, 81, 60, 78, 39, 32, 58, 93, 84, 70, 24, 43, 12, 11, 71, 96, 90, 44, 64, 46, 56, 68, 76, 41, 23, 16, 9, 28, 18, 19, 40, 35, 38, 66, 30, 17, 52, 47, 14, 13, 86, 91, 75, 99, 98, 95, 87, 73, 97, 74, 59, 27, 20, 33, 53, 49, 10, 5, 82, 77, 83
Distancia total: 2099

Iteracao: 59
Caminho: 0, 1, 2, 3, 4, 7, 31, 45, 55, 63, 69, 89, 67, 36, 25, 29, 79, 62, 65, 80, 85, 48, 50, 34, 37, 88, 92, 94, 72, 21, 15, 6, 22, 61, 26, 8, 42, 54, 57, 51, 81, 60, 78, 39, 32, 58, 93, 84, 70, 24, 43, 12, 11, 71, 96, 90, 44, 64, 46, 56, 68, 76, 41, 23, 16, 9, 28, 18, 19, 40, 35, 38, 66, 30, 17, 52, 47, 14, 13, 86, 91, 75, 99, 98, 95, 87, 73, 97, 74, 59, 27, 20, 33, 53, 49, 10, 5, 82, 77, 83
Distancia total: 2099

Iteracao: 60
Caminho: 0, 1, 2, 3, 4, 7, 31, 45, 55, 63, 69, 89, 67, 36, 25, 29, 79, 62, 65, 80, 85, 48, 50, 34, 37, 88, 92, 94, 72, 21, 15, 6, 22, 61, 26, 8, 42, 54, 57, 51, 81, 60, 78, 39, 32, 58, 93, 84, 70, 24, 43, 12, 11, 71, 96, 90, 44, 64, 46, 56, 68, 76, 41, 23, 16, 9, 28, 18, 19, 40, 35, 38, 66, 30, 17, 52, 47, 14, 13, 86, 91, 75, 99, 98, 95, 87, 73, 97, 74, 59, 27, 20, 33, 53, 49, 10, 5, 82, 77, 83
Distancia total: 2099

Iteracao: 61
Caminho: 0, 1, 2, 3, 4, 7, 31, 45, 55, 63, 69, 89, 67, 36, 25, 29, 79, 62, 65, 80, 85, 48, 50, 34, 37, 88, 92, 94, 72, 21, 15, 6, 22, 61, 26, 8, 42, 54, 57, 51, 81, 60, 78, 39, 32, 58, 93, 84, 70, 24, 43, 12, 11, 71, 96, 90, 44, 64, 46, 56, 68, 76, 41, 23, 16, 9, 28, 18, 19, 40, 35, 38, 66, 30, 17, 52, 47, 14, 13, 86, 91, 75, 99, 98, 95, 87, 73, 97, 74, 59, 27, 20, 33, 53, 49, 10, 5, 82, 77, 83
Distancia total: 2099

Iteracao: 62
Caminho: 0, 1, 2, 3, 4, 7, 31, 45, 55, 63, 69, 89, 67, 36, 25, 29, 79, 62, 65, 80, 85, 48, 50, 34, 37, 88, 92, 94, 72, 21, 15, 6, 22, 61, 26, 8, 42, 54, 57, 51, 81, 60, 78, 39, 32, 58, 93, 84, 70, 24, 43, 12, 11, 71, 96, 90, 44, 64, 46, 56, 68, 76, 41, 23, 16, 9, 28, 18, 19, 40, 35, 38, 66, 30, 17, 52, 47, 14, 13, 86, 91, 75, 99, 98, 95, 87, 73, 97, 74, 59, 27, 20, 33, 53, 49, 10, 5, 82, 77, 83
Distancia total: 2099

Iteracao: 63
Caminho: 0, 1, 2, 3, 4, 7, 31, 45, 55, 63, 69, 89, 67, 36, 25, 29, 79, 62, 65, 80, 85, 48, 50, 34, 37, 88, 92, 94, 72, 21, 15, 6, 22, 61, 26, 8, 42, 54, 57, 51, 81, 60, 78, 39, 32, 58, 93, 84, 70, 24, 43, 12, 11, 71, 96, 90, 44, 64, 46, 56, 68, 76, 41, 23, 16, 9, 28, 18, 19, 40, 35, 38, 66, 30, 17, 52, 47, 14, 13, 86, 91, 75, 99, 98, 95, 87, 73, 97, 74, 59, 27, 20, 33, 53, 49, 10, 5, 82, 77, 83
Distancia total: 2099

Iteracao: 64
Caminho: 0, 2, 1, 3, 4, 7, 31, 27, 20, 33, 53, 49, 10, 5, 34, 48, 50, 85, 80, 79, 62, 65, 36, 25, 29, 82, 77, 44, 64, 46, 56, 68, 76, 41, 23, 16, 9, 28, 18, 19, 8, 42, 54, 57, 51, 81, 60, 78, 39, 37, 88, 92, 94, 72, 21, 15, 6, 22, 61, 26, 87, 73, 97, 74, 59, 45, 55, 63, 69, 89, 67, 96, 90, 71, 83, 32, 14, 13, 12, 11, 17, 24, 43, 70, 52, 47, 58, 93, 84, 86, 91, 75, 66, 30, 40, 35, 38, 99, 98, 95
Distancia total: 2017

Iteracao: 65
Caminho: 0, 2, 1, 3, 4, 7, 31, 27, 20, 33, 53, 49, 10, 5, 34, 48, 50, 85, 80, 79, 62, 65, 36, 25, 29, 82, 77, 44, 64, 46, 56, 68, 76, 41, 23, 16, 9, 28, 18, 19, 8, 42, 54, 57, 51, 81, 60, 78, 39, 37, 88, 92, 94, 72, 21, 15, 6, 22, 61, 26, 87, 73, 97, 74, 59, 45, 55, 63, 69, 89, 67, 96, 90, 71, 83, 32, 14, 13, 12, 11, 17, 24, 43, 70, 52, 47, 58, 93, 84, 86, 91, 75, 66, 30, 40, 35, 38, 99, 98, 95
Distancia total: 2017

Iteracao: 66
Caminho: 0, 2, 1, 3, 4, 7, 31, 27, 20, 33, 53, 49, 10, 5, 34, 48, 50, 85, 80, 79, 62, 65, 36, 25, 29, 82, 77, 44, 64, 46, 56, 68, 76, 41, 23, 16, 9, 28, 18, 19, 8, 42, 54, 57, 51, 81, 60, 78, 39, 37, 88, 92, 94, 72, 21, 15, 6, 22, 61, 26, 87, 73, 97, 74, 59, 45, 55, 63, 69, 89, 67, 96, 90, 71, 83, 32, 14, 13, 12, 11, 17, 24, 43, 70, 52, 47, 58, 93, 84, 86, 91, 75, 66, 30, 40, 35, 38, 99, 98, 95
Distancia total: 2017

Iteracao: 67
Caminho: 0, 2, 1, 3, 4, 7, 31, 27, 20, 33, 53, 49, 10, 5, 34, 48, 50, 85, 80, 79, 62, 65, 36, 25, 29, 82, 77, 44, 64, 46, 56, 68, 76, 41, 23, 16, 9, 28, 18, 19, 8, 42, 54, 57, 51, 81, 60, 78, 39, 37, 88, 92, 94, 72, 21, 15, 6, 22, 61, 26, 87, 73, 97, 74, 59, 45, 55, 63, 69, 89, 67, 96, 90, 71, 83, 32, 14, 13, 12, 11, 17, 24, 43, 70, 52, 47, 58, 93, 84, 86, 91, 75, 66, 30, 40, 35, 38, 99, 98, 95
Distancia total: 2017

Iteracao: 68
Caminho: 0, 2, 1, 3, 4, 7, 31, 27, 20, 33, 53, 49, 10, 5, 34, 48, 50, 85, 80, 79, 62, 65, 36, 25, 29, 82, 77, 44, 64, 46, 56, 68, 76, 41, 23, 16, 9, 28, 18, 19, 8, 42, 54, 57, 51, 81, 60, 78, 39, 37, 88, 92, 94, 72, 21, 15, 6, 22, 61, 26, 87, 73, 97, 74, 59, 45, 55, 63, 69, 89, 67, 96, 90, 71, 83, 32, 14, 13, 12, 11, 17, 24, 43, 70, 52, 47, 58, 93, 84, 86, 91, 75, 66, 30, 40, 35, 38, 99, 98, 95
Distancia total: 2017

Iteracao: 69
Caminho: 0, 2, 1, 3, 4, 7, 31, 27, 20, 33, 53, 49, 10, 5, 34, 48, 50, 85, 80, 79, 62, 65, 36, 25, 29, 82, 77, 44, 64, 46, 56, 68, 76, 41, 23, 16, 9, 28, 18, 19, 8, 42, 54, 57, 51, 81, 60, 78, 39, 37, 88, 92, 94, 72, 21, 15, 6, 22, 61, 26, 87, 73, 97, 74, 59, 45, 55, 63, 69, 89, 67, 96, 90, 71, 83, 32, 14, 13, 12, 11, 17, 24, 43, 70, 52, 47, 58, 93, 84, 86, 91, 75, 66, 30, 40, 35, 38, 99, 98, 95
Distancia total: 2017

Iteracao: 70
Caminho: 0, 2, 1, 3, 4, 7, 31, 27, 20, 33, 53, 49, 10, 5, 34, 48, 50, 85, 80, 79, 62, 65, 36, 25, 29, 82, 77, 44, 64, 46, 56, 68, 76, 41, 23, 16, 9, 28, 18, 19, 8, 42, 54, 57, 51, 81, 60, 78, 39, 37, 88, 92, 94, 72, 21, 15, 6, 22, 61, 26, 87, 73, 97, 74, 59, 45, 55, 63, 69, 89, 67, 96, 90, 71, 83, 32, 14, 13, 12, 11, 17, 24, 43, 70, 52, 47, 58, 93, 84, 86, 91, 75, 66, 30, 40, 35, 38, 99, 98, 95
Distancia total: 2017

Iteracao: 71
Caminho: 0, 2, 1, 3, 4, 7, 31, 27, 20, 33, 53, 49, 10, 5, 34, 48, 50, 85, 80, 79, 62, 65, 36, 25, 29, 82, 77, 44, 64, 46, 56, 68, 76, 41, 23, 16, 9, 28, 18, 19, 8, 42, 54, 57, 51, 81, 60, 78, 39, 37, 88, 92, 94, 72, 21, 15, 6, 22, 61, 26, 87, 73, 97, 74, 59, 45, 55, 63, 69, 89, 67, 96, 90, 71, 83, 32, 14, 13, 12, 11, 17, 24, 43, 70, 52, 47, 58, 93, 84, 86, 91, 75, 66, 30, 40, 35, 38, 99, 98, 95
Distancia total: 2017

Iteracao: 72
Caminho: 0, 2, 1, 3, 4, 7, 31, 27, 20, 33, 53, 49, 10, 5, 34, 48, 50, 85, 80, 79, 62, 65, 36, 25, 29, 82, 77, 44, 64, 46, 56, 68, 76, 41, 23, 16, 9, 28, 18, 19, 8, 42, 54, 57, 51, 81, 60, 78, 39, 37, 88, 92, 94, 72, 21, 15, 6, 22, 61, 26, 87, 73, 97, 74, 59, 45, 55, 63, 69, 89, 67, 96, 90, 71, 83, 32, 14, 13, 12, 11, 17, 24, 43, 70, 52, 47, 58, 93, 84, 86, 91, 75, 66, 30, 40, 35, 38, 99, 98, 95
Distancia total: 2017

Iteracao: 73
Caminho: 0, 2, 1, 3, 4, 7, 31, 27, 20, 33, 53, 49, 10, 5, 34, 48, 50, 85, 80, 79, 62, 65, 36, 25, 29, 82, 77, 44, 64, 46, 56, 68, 76, 41, 23, 16, 9, 28, 18, 19, 8, 42, 54, 57, 51, 81, 60, 78, 39, 37, 88, 92, 94, 72, 21, 15, 6, 22, 61, 26, 87, 73, 97, 74, 59, 45, 55, 63, 69, 89, 67, 96, 90, 71, 83, 32, 14, 13, 12, 11, 17, 24, 43, 70, 52, 47, 58, 93, 84, 86, 91, 75, 66, 30, 40, 35, 38, 99, 98, 95
Distancia total: 2017

Iteracao: 74
Caminho: 0, 2, 1, 3, 4, 7, 31, 27, 20, 33, 53, 49, 10, 5, 34, 48, 50, 85, 80, 79, 62, 65, 36, 25, 29, 82, 77, 44, 64, 46, 56, 68, 76, 41, 23, 16, 9, 28, 18, 19, 8, 42, 54, 57, 51, 81, 60, 78, 39, 37, 88, 92, 94, 72, 21, 15, 6, 22, 61, 26, 87, 73, 97, 74, 59, 45, 55, 63, 69, 89, 67, 96, 90, 71, 83, 32, 14, 13, 12, 11, 17, 24, 43, 70, 52, 47, 58, 93, 84, 86, 91, 75, 66, 30, 40, 35, 38, 99, 98, 95
Distancia total: 2017

Iteracao: 75
Caminho: 0, 2, 1, 3, 4, 7, 31, 27, 20, 33, 53, 49, 10, 5, 34, 48, 50, 85, 80, 79, 62, 65, 36, 25, 29, 82, 77, 44, 64, 46, 56, 68, 76, 41, 23, 16, 9, 28, 18, 19, 8, 42, 54, 57, 51, 81, 60, 78, 39, 37, 88, 92, 94, 72, 21, 15, 6, 22, 61, 26, 87, 73, 97, 74, 59, 45, 55, 63, 69, 89, 67, 96, 90, 71, 83, 32, 14, 13, 12, 11, 17, 24, 43, 70, 52, 47, 58, 93, 84, 86, 91, 75, 66, 30, 40, 35, 38, 99, 98, 95
Distancia total: 2017

Iteracao: 76
Caminho: 0, 2, 1, 3, 4, 7, 31, 27, 20, 33, 53, 49, 10, 5, 34, 48, 50, 85, 80, 79, 62, 65, 36, 25, 29, 82, 77, 44, 64, 46, 56, 68, 76, 41, 23, 16, 9, 28, 18, 19, 8, 42, 54, 57, 51, 81, 60, 78, 39, 37, 88, 92, 94, 72, 21, 15, 6, 22, 61, 26, 87, 73, 97, 74, 59, 45, 55, 63, 69, 89, 67, 96, 90, 71, 83, 32, 14, 13, 12, 11, 17, 24, 43, 70, 52, 47, 58, 93, 84, 86, 91, 75, 66, 30, 40, 35, 38, 99, 98, 95
Distancia total: 2017

Iteracao: 77
Caminho: 0, 2, 1, 3, 4, 7, 31, 27, 20, 33, 53, 49, 10, 5, 34, 48, 50, 85, 80, 79, 62, 65, 36, 25, 29, 82, 77, 44, 64, 46, 56, 68, 76, 41, 23, 16, 9, 28, 18, 19, 8, 42, 54, 57, 51, 81, 60, 78, 39, 37, 88, 92, 94, 72, 21, 15, 6, 22, 61, 26, 87, 73, 97, 74, 59, 45, 55, 63, 69, 89, 67, 96, 90, 71, 83, 32, 14, 13, 12, 11, 17, 24, 43, 70, 52, 47, 58, 93, 84, 86, 91, 75, 66, 30, 40, 35, 38, 99, 98, 95
Distancia total: 2017

Iteracao: 78
Caminho: 0, 2, 1, 3, 4, 7, 31, 27, 20, 33, 53, 49, 10, 5, 34, 48, 50, 85, 80, 79, 62, 65, 36, 25, 29, 82, 77, 44, 64, 46, 56, 68, 76, 41, 23, 16, 9, 28, 18, 19, 8, 42, 54, 57, 51, 81, 60, 78, 39, 37, 88, 92, 94, 72, 21, 15, 6, 22, 61, 26, 87, 73, 97, 74, 59, 45, 55, 63, 69, 89, 67, 96, 90, 71, 83, 32, 14, 13, 12, 11, 17, 24, 43, 70, 52, 47, 58, 93, 84, 86, 91, 75, 66, 30, 40, 35, 38, 99, 98, 95
Distancia total: 2017

Iteracao: 79
Caminho: 0, 2, 1, 3, 4, 7, 31, 27, 20, 33, 53, 49, 10, 5, 34, 48, 50, 85, 80, 79, 62, 65, 36, 25, 29, 82, 77, 44, 64, 46, 56, 68, 76, 41, 23, 16, 9, 28, 18, 19, 8, 42, 54, 57, 51, 81, 60, 78, 39, 37, 88, 92, 94, 72, 21, 15, 6, 22, 61, 26, 87, 73, 97, 74, 59, 45, 55, 63, 69, 89, 67, 96, 90, 71, 83, 32, 14, 13, 12, 11, 17, 24, 43, 70, 52, 47, 58, 93, 84, 86, 91, 75, 66, 30, 40, 35, 38, 99, 98, 95
Distancia total: 2017

Iteracao: 80
Caminho: 0, 2, 1, 3, 4, 7, 31, 27, 20, 33, 53, 49, 10, 5, 34, 48, 50, 85, 80, 79, 62, 65, 36, 25, 29, 82, 77, 44, 64, 46, 56, 68, 76, 41, 23, 16, 9, 28, 18, 19, 8, 42, 54, 57, 51, 81, 60, 78, 39, 37, 88, 92, 94, 72, 21, 15, 6, 22, 61, 26, 87, 73, 97, 74, 59, 45, 55, 63, 69, 89, 67, 96, 90, 71, 83, 32, 14, 13, 12, 11, 17, 24, 43, 70, 52, 47, 58, 93, 84, 86, 91, 75, 66, 30, 40, 35, 38, 99, 98, 95
Distancia total: 2017

Iteracao: 81
Caminho: 0, 2, 1, 3, 4, 7, 31, 27, 20, 33, 53, 49, 10, 5, 34, 48, 50, 85, 80, 79, 62, 65, 36, 25, 29, 82, 77, 44, 64, 46, 56, 68, 76, 41, 23, 16, 9, 28, 18, 19, 8, 42, 54, 57, 51, 81, 60, 78, 39, 37, 88, 92, 94, 72, 21, 15, 6, 22, 61, 26, 87, 73, 97, 74, 59, 45, 55, 63, 69, 89, 67, 96, 90, 71, 83, 32, 14, 13, 12, 11, 17, 24, 43, 70, 52, 47, 58, 93, 84, 86, 91, 75, 66, 30, 40, 35, 38, 99, 98, 95
Distancia total: 2017

Iteracao: 82
Caminho: 0, 1, 2, 3, 4, 7, 31, 45, 55, 63, 69, 89, 67, 36, 25, 29, 82, 77, 44, 64, 46, 56, 68, 76, 41, 23, 16, 9, 28, 18, 19, 8, 42, 54, 57, 51, 81, 60, 78, 39, 37, 88, 92, 94, 72, 21, 15, 6, 22, 73, 97, 74, 59, 27, 20, 33, 53, 49, 10, 5, 34, 48, 50, 85, 80, 79, 62, 65, 90, 96, 83, 71, 32, 58, 93, 84, 70, 43, 17, 24, 12, 11, 13, 14, 47, 52, 61, 26, 87, 95, 98, 99, 66, 30, 40, 38, 35, 86, 91, 75
Distancia total: 1990

Iteracao: 83
Caminho: 0, 1, 2, 3, 4, 7, 31, 45, 55, 63, 69, 89, 67, 36, 25, 29, 82, 77, 44, 64, 46, 56, 68, 76, 41, 23, 16, 9, 28, 18, 19, 8, 42, 54, 57, 51, 81, 60, 78, 39, 37, 88, 92, 94, 72, 21, 15, 6, 22, 73, 97, 74, 59, 27, 20, 33, 53, 49, 10, 5, 34, 48, 50, 85, 80, 79, 62, 65, 90, 96, 83, 71, 32, 58, 93, 84, 70, 43, 17, 24, 12, 11, 13, 14, 47, 52, 61, 26, 87, 95, 98, 99, 66, 30, 40, 38, 35, 86, 91, 75
Distancia total: 1990

Iteracao: 84
Caminho: 0, 1, 2, 3, 4, 7, 31, 45, 55, 63, 69, 89, 67, 36, 25, 29, 82, 77, 44, 64, 46, 56, 68, 76, 41, 23, 16, 9, 28, 18, 19, 8, 42, 54, 57, 51, 81, 60, 78, 39, 37, 88, 92, 94, 72, 21, 15, 6, 22, 73, 97, 74, 59, 27, 20, 33, 53, 49, 10, 5, 34, 48, 50, 85, 80, 79, 62, 65, 90, 96, 83, 71, 32, 58, 93, 84, 70, 43, 17, 24, 12, 11, 13, 14, 47, 52, 61, 26, 87, 95, 98, 99, 66, 30, 40, 38, 35, 86, 91, 75
Distancia total: 1990

Iteracao: 85
Caminho: 0, 1, 2, 3, 4, 7, 31, 45, 55, 63, 69, 89, 67, 36, 25, 29, 82, 77, 44, 64, 46, 56, 68, 76, 41, 23, 16, 9, 28, 18, 19, 8, 42, 54, 57, 51, 81, 60, 78, 39, 37, 88, 92, 94, 72, 21, 15, 6, 22, 73, 97, 74, 59, 27, 20, 33, 53, 49, 10, 5, 34, 48, 50, 85, 80, 79, 62, 65, 90, 96, 83, 71, 32, 58, 93, 84, 70, 43, 17, 24, 12, 11, 13, 14, 47, 52, 61, 26, 87, 95, 98, 99, 66, 30, 40, 38, 35, 86, 91, 75
Distancia total: 1990

Iteracao: 86
Caminho: 0, 1, 2, 3, 4, 7, 31, 45, 55, 63, 69, 89, 67, 36, 25, 29, 82, 77, 44, 64, 46, 56, 68, 76, 41, 23, 16, 9, 28, 18, 19, 8, 42, 54, 57, 51, 81, 60, 78, 39, 37, 88, 92, 94, 72, 21, 15, 6, 22, 73, 97, 74, 59, 27, 20, 33, 53, 49, 10, 5, 34, 48, 50, 85, 80, 79, 62, 65, 90, 96, 83, 71, 32, 58, 93, 84, 70, 43, 17, 24, 12, 11, 13, 14, 47, 52, 61, 26, 87, 95, 98, 99, 66, 30, 40, 38, 35, 86, 91, 75
Distancia total: 1990

Iteracao: 87
Caminho: 0, 1, 2, 3, 4, 7, 31, 45, 55, 63, 69, 89, 67, 36, 25, 29, 82, 77, 44, 64, 46, 56, 68, 76, 41, 23, 16, 9, 28, 18, 19, 8, 42, 54, 57, 51, 81, 60, 78, 39, 37, 88, 92, 94, 72, 21, 15, 6, 22, 73, 97, 74, 59, 27, 20, 33, 53, 49, 10, 5, 34, 48, 50, 85, 80, 79, 62, 65, 90, 96, 83, 71, 32, 58, 93, 84, 70, 43, 17, 24, 12, 11, 13, 14, 47, 52, 61, 26, 87, 95, 98, 99, 66, 30, 40, 38, 35, 86, 91, 75
Distancia total: 1990

Iteracao: 88
Caminho: 0, 1, 2, 3, 4, 7, 31, 45, 55, 63, 69, 89, 67, 36, 25, 29, 82, 77, 44, 64, 46, 56, 68, 76, 41, 23, 16, 9, 28, 18, 19, 8, 42, 54, 57, 51, 81, 60, 78, 39, 37, 88, 92, 94, 72, 21, 15, 6, 22, 73, 97, 74, 59, 27, 20, 33, 53, 49, 10, 5, 34, 48, 50, 85, 80, 79, 62, 65, 90, 96, 83, 71, 32, 58, 93, 84, 70, 43, 17, 24, 12, 11, 13, 14, 47, 52, 61, 26, 87, 95, 98, 99, 66, 30, 40, 38, 35, 86, 91, 75
Distancia total: 1990

Iteracao: 89
Caminho: 0, 1, 2, 3, 4, 7, 31, 45, 55, 63, 69, 89, 67, 36, 25, 29, 82, 77, 44, 64, 46, 56, 68, 76, 41, 23, 16, 9, 28, 18, 19, 8, 42, 54, 57, 51, 81, 60, 78, 39, 37, 88, 92, 94, 72, 21, 15, 6, 22, 73, 97, 74, 59, 27, 20, 33, 53, 49, 10, 5, 34, 48, 50, 85, 80, 79, 62, 65, 90, 96, 83, 71, 32, 58, 93, 84, 70, 43, 17, 24, 12, 11, 13, 14, 47, 52, 61, 26, 87, 95, 98, 99, 66, 30, 40, 38, 35, 86, 91, 75
Distancia total: 1990

Iteracao: 90
Caminho: 0, 1, 2, 3, 4, 7, 31, 45, 55, 63, 69, 89, 67, 36, 25, 29, 82, 77, 44, 64, 46, 56, 68, 76, 41, 23, 16, 9, 28, 18, 19, 8, 42, 54, 57, 51, 81, 60, 78, 39, 37, 88, 92, 94, 72, 21, 15, 6, 22, 73, 97, 74, 59, 27, 20, 33, 53, 49, 10, 5, 34, 48, 50, 85, 80, 79, 62, 65, 90, 96, 83, 71, 32, 58, 93, 84, 70, 43, 17, 24, 12, 11, 13, 14, 47, 52, 61, 26, 87, 95, 98, 99, 66, 30, 40, 38, 35, 86, 91, 75
Distancia total: 1990

Iteracao: 91
Caminho: 0, 1, 2, 3, 4, 7, 31, 45, 55, 63, 69, 89, 67, 36, 25, 29, 82, 77, 44, 64, 46, 56, 68, 76, 41, 23, 16, 9, 28, 18, 19, 8, 42, 54, 57, 51, 81, 60, 78, 39, 37, 88, 92, 94, 72, 61, 26, 21, 15, 6, 22, 73, 87, 95, 98, 99, 66, 30, 40, 38, 35, 86, 91, 75, 43, 84, 70, 52, 47, 17, 24, 12, 11, 13, 14, 32, 58, 93, 71, 96, 83, 90, 79, 62, 65, 80, 85, 48, 50, 34, 5, 10, 49, 33, 53, 97, 74, 59, 27, 20
Distancia total: 1924

Iteracao: 92
Caminho: 0, 1, 2, 3, 4, 7, 31, 45, 55, 63, 69, 89, 67, 36, 25, 29, 82, 77, 44, 64, 46, 56, 68, 76, 41, 23, 16, 9, 28, 18, 19, 8, 42, 54, 57, 51, 81, 60, 78, 39, 37, 88, 92, 94, 72, 61, 26, 21, 15, 6, 22, 73, 87, 95, 98, 99, 66, 30, 40, 38, 35, 86, 91, 75, 43, 84, 70, 52, 47, 17, 24, 12, 11, 13, 14, 32, 58, 93, 71, 96, 83, 90, 79, 62, 65, 80, 85, 48, 50, 34, 5, 10, 49, 33, 53, 97, 74, 59, 27, 20
Distancia total: 1924

Iteracao: 93
Caminho: 0, 1, 2, 3, 4, 7, 31, 45, 55, 63, 69, 89, 67, 36, 25, 29, 82, 77, 44, 64, 46, 56, 68, 76, 41, 23, 16, 9, 28, 18, 19, 8, 42, 54, 57, 51, 81, 60, 78, 39, 37, 88, 92, 94, 72, 61, 26, 21, 15, 6, 22, 73, 87, 95, 98, 99, 66, 30, 40, 38, 35, 86, 91, 75, 43, 84, 70, 52, 47, 17, 24, 12, 11, 13, 14, 32, 58, 93, 71, 96, 83, 90, 79, 62, 65, 80, 85, 48, 50, 34, 5, 10, 49, 33, 53, 97, 74, 59, 27, 20
Distancia total: 1924

Iteracao: 94
Caminho: 0, 1, 2, 3, 4, 7, 31, 45, 55, 63, 69, 89, 67, 36, 25, 29, 82, 77, 44, 64, 46, 56, 68, 76, 41, 23, 16, 9, 28, 18, 19, 8, 42, 54, 57, 51, 81, 60, 78, 39, 37, 88, 92, 94, 72, 61, 26, 21, 15, 6, 22, 73, 87, 95, 98, 99, 66, 30, 40, 38, 35, 86, 91, 75, 43, 84, 70, 52, 47, 17, 24, 12, 11, 13, 14, 32, 58, 93, 71, 96, 83, 90, 79, 62, 65, 80, 85, 48, 50, 34, 5, 10, 49, 33, 53, 97, 74, 59, 27, 20
Distancia total: 1924

Iteracao: 95
Caminho: 0, 1, 2, 3, 4, 7, 31, 45, 55, 63, 69, 89, 67, 36, 25, 29, 82, 77, 44, 64, 46, 56, 68, 76, 41, 23, 16, 9, 28, 18, 19, 8, 42, 54, 57, 51, 81, 60, 78, 39, 37, 88, 92, 94, 72, 61, 26, 21, 15, 6, 22, 73, 87, 95, 98, 99, 66, 30, 40, 38, 35, 86, 91, 75, 43, 84, 70, 52, 47, 17, 24, 12, 11, 13, 14, 32, 58, 93, 71, 96, 83, 90, 79, 62, 65, 80, 85, 48, 50, 34, 5, 10, 49, 33, 53, 97, 74, 59, 27, 20
Distancia total: 1924

Iteracao: 96
Caminho: 0, 1, 2, 3, 4, 7, 31, 45, 55, 63, 69, 89, 67, 36, 25, 29, 82, 77, 44, 64, 46, 56, 68, 76, 41, 23, 16, 9, 28, 18, 19, 8, 42, 54, 57, 51, 81, 60, 78, 39, 37, 88, 92, 94, 72, 61, 26, 21, 15, 6, 22, 73, 87, 95, 98, 99, 66, 30, 40, 38, 35, 86, 91, 75, 43, 84, 70, 52, 47, 17, 24, 12, 11, 13, 14, 32, 58, 93, 71, 96, 83, 90, 79, 62, 65, 80, 85, 48, 50, 34, 5, 10, 49, 33, 53, 97, 74, 59, 27, 20
Distancia total: 1924

Iteracao: 97
Caminho: 0, 1, 2, 3, 4, 7, 31, 45, 55, 63, 69, 89, 67, 36, 25, 29, 82, 77, 44, 64, 46, 56, 68, 76, 41, 23, 16, 9, 28, 18, 19, 8, 42, 54, 57, 51, 81, 60, 78, 39, 37, 88, 92, 94, 72, 61, 26, 21, 15, 6, 22, 73, 87, 95, 98, 99, 66, 30, 40, 38, 35, 86, 91, 75, 43, 84, 70, 52, 47, 17, 24, 12, 11, 13, 14, 32, 58, 93, 71, 96, 83, 90, 79, 62, 65, 80, 85, 48, 50, 34, 5, 10, 49, 33, 53, 97, 74, 59, 27, 20
Distancia total: 1924

Iteracao: 98
Caminho: 0, 1, 2, 3, 4, 7, 31, 45, 55, 63, 69, 89, 67, 36, 25, 29, 82, 77, 44, 64, 46, 56, 68, 76, 41, 23, 16, 9, 28, 18, 19, 8, 42, 54, 57, 51, 81, 60, 78, 39, 37, 88, 92, 94, 72, 61, 26, 21, 15, 6, 22, 73, 87, 95, 98, 99, 66, 30, 40, 38, 35, 86, 91, 75, 43, 84, 70, 52, 47, 17, 24, 12, 11, 13, 14, 32, 58, 93, 71, 96, 83, 90, 79, 62, 65, 80, 85, 48, 50, 34, 5, 10, 49, 33, 53, 97, 74, 59, 27, 20
Distancia total: 1924

Iteracao: 99
Caminho: 0, 1, 2, 3, 4, 7, 31, 45, 55, 63, 69, 89, 67, 36, 25, 29, 82, 77, 44, 64, 46, 56, 68, 76, 41, 23, 16, 9, 28, 18, 19, 8, 42, 54, 57, 51, 81, 60, 78, 39, 37, 88, 92, 94, 72, 61, 26, 21, 15, 6, 22, 73, 87, 95, 98, 99, 66, 30, 40, 38, 35, 86, 91, 75, 43, 84, 70, 52, 47, 17, 24, 12, 11, 13, 14, 32, 58, 93, 71, 96, 83, 90, 79, 62, 65, 80, 85, 48, 50, 34, 5, 10, 49, 33, 53, 97, 74, 59, 27, 20
Distancia total: 1924

Iteracao: 100
Caminho: 0, 1, 2, 3, 4, 7, 31, 45, 55, 63, 69, 89, 67, 36, 25, 29, 82, 77, 44, 64, 46, 56, 68, 76, 41, 23, 16, 9, 28, 18, 19, 8, 42, 54, 57, 51, 81, 60, 78, 39, 37, 88, 92, 94, 72, 61, 26, 21, 15, 6, 22, 73, 87, 95, 98, 99, 66, 30, 40, 38, 35, 86, 91, 75, 43, 84, 70, 52, 47, 17, 24, 12, 11, 13, 14, 32, 58, 93, 71, 96, 83, 90, 79, 62, 65, 80, 85, 48, 50, 34, 5, 10, 49, 33, 53, 97, 74, 59, 27, 20
Distancia total: 1924

Iteracao: 101
Caminho: 0, 1, 2, 3, 4, 7, 31, 45, 55, 63, 69, 89, 67, 36, 25, 29, 82, 77, 44, 64, 46, 56, 68, 76, 41, 23, 16, 9, 28, 18, 19, 8, 42, 54, 57, 51, 81, 60, 78, 39, 37, 88, 92, 94, 72, 61, 26, 21, 15, 6, 22, 73, 87, 95, 98, 99, 66, 30, 40, 38, 35, 86, 91, 75, 43, 84, 70, 52, 47, 17, 24, 12, 11, 13, 14, 32, 58, 93, 71, 96, 83, 90, 79, 62, 65, 80, 85, 48, 50, 34, 5, 10, 49, 33, 53, 97, 74, 59, 27, 20
Distancia total: 1924

Iteracao: 102
Caminho: 0, 1, 2, 3, 4, 7, 31, 45, 55, 63, 69, 89, 67, 36, 25, 29, 82, 77, 44, 64, 46, 56, 68, 76, 41, 23, 16, 9, 28, 18, 19, 8, 42, 54, 57, 51, 81, 60, 78, 39, 37, 88, 92, 94, 72, 61, 26, 21, 15, 6, 22, 73, 87, 95, 98, 99, 66, 30, 40, 38, 35, 86, 91, 75, 43, 84, 70, 52, 47, 17, 24, 12, 11, 13, 14, 32, 58, 93, 71, 96, 83, 90, 79, 62, 65, 80, 85, 48, 50, 34, 5, 10, 49, 33, 53, 97, 74, 59, 27, 20
Distancia total: 1924

Iteracao: 103
Caminho: 0, 1, 2, 3, 4, 7, 31, 45, 55, 63, 69, 89, 67, 36, 25, 29, 82, 77, 44, 64, 46, 56, 68, 76, 41, 23, 16, 9, 28, 18, 19, 8, 42, 54, 57, 51, 81, 60, 78, 39, 37, 88, 92, 94, 72, 61, 26, 21, 15, 6, 22, 73, 87, 95, 98, 99, 66, 30, 40, 38, 35, 86, 91, 75, 43, 84, 70, 52, 47, 17, 24, 12, 11, 13, 14, 32, 58, 93, 71, 96, 83, 90, 79, 62, 65, 80, 85, 48, 50, 34, 5, 10, 49, 33, 53, 97, 74, 59, 27, 20
Distancia total: 1924

Iteracao: 104
Caminho: 0, 1, 2, 3, 4, 7, 31, 45, 55, 63, 69, 89, 67, 36, 25, 29, 82, 77, 44, 64, 46, 56, 68, 76, 41, 23, 16, 9, 28, 18, 19, 8, 42, 54, 57, 51, 81, 60, 78, 39, 37, 88, 92, 94, 72, 61, 26, 21, 15, 6, 22, 73, 87, 95, 98, 99, 66, 30, 40, 38, 35, 86, 91, 75, 43, 84, 70, 52, 47, 17, 24, 12, 11, 13, 14, 32, 58, 93, 71, 96, 83, 90, 79, 62, 65, 80, 85, 48, 50, 34, 5, 10, 49, 33, 53, 97, 74, 59, 27, 20
Distancia total: 1924

Iteracao: 105
Caminho: 0, 1, 2, 3, 4, 7, 31, 45, 55, 63, 69, 89, 67, 36, 25, 29, 82, 77, 44, 64, 46, 56, 68, 76, 41, 23, 16, 9, 28, 18, 19, 8, 42, 54, 57, 51, 81, 60, 78, 39, 37, 88, 92, 94, 72, 61, 26, 21, 15, 6, 22, 73, 87, 95, 98, 99, 66, 30, 40, 38, 35, 86, 91, 75, 43, 84, 70, 52, 47, 17, 24, 12, 11, 13, 14, 32, 58, 93, 71, 96, 83, 90, 79, 62, 65, 80, 85, 48, 50, 34, 5, 10, 49, 33, 53, 97, 74, 59, 27, 20
Distancia total: 1924

Iteracao: 106
Caminho: 0, 1, 2, 3, 4, 7, 31, 45, 55, 63, 69, 89, 67, 36, 25, 29, 82, 77, 44, 64, 46, 56, 68, 76, 41, 23, 16, 9, 28, 18, 19, 8, 42, 54, 57, 51, 81, 60, 78, 39, 37, 88, 92, 94, 72, 61, 26, 21, 15, 6, 22, 73, 87, 95, 98, 99, 66, 30, 40, 38, 35, 86, 91, 75, 43, 84, 70, 52, 47, 17, 24, 12, 11, 13, 14, 32, 58, 93, 71, 96, 83, 90, 79, 62, 65, 80, 85, 48, 50, 34, 5, 10, 49, 33, 53, 97, 74, 59, 27, 20
Distancia total: 1924

Iteracao: 107
Caminho: 0, 1, 2, 3, 4, 7, 31, 45, 55, 63, 69, 89, 67, 36, 25, 29, 82, 77, 44, 64, 46, 56, 68, 76, 41, 23, 16, 9, 28, 18, 19, 8, 42, 54, 57, 51, 81, 60, 78, 39, 37, 88, 92, 94, 72, 61, 26, 21, 15, 6, 22, 73, 87, 95, 98, 99, 66, 30, 40, 38, 35, 86, 91, 75, 43, 84, 70, 52, 47, 17, 24, 12, 11, 13, 14, 32, 58, 93, 71, 96, 83, 90, 79, 62, 65, 80, 85, 48, 50, 34, 5, 10, 49, 33, 53, 97, 74, 59, 27, 20
Distancia total: 1924

Iteracao: 108
Caminho: 0, 1, 2, 3, 4, 7, 31, 45, 55, 63, 69, 89, 67, 36, 25, 29, 82, 77, 44, 64, 46, 56, 68, 76, 41, 23, 16, 9, 28, 18, 19, 8, 42, 54, 57, 51, 81, 60, 78, 39, 37, 88, 92, 94, 72, 61, 26, 21, 15, 6, 22, 73, 87, 95, 98, 99, 66, 30, 40, 38, 35, 86, 91, 75, 43, 84, 70, 52, 47, 17, 24, 12, 11, 13, 14, 32, 58, 93, 71, 96, 83, 90, 79, 62, 65, 80, 85, 48, 50, 34, 5, 10, 49, 33, 53, 97, 74, 59, 27, 20
Distancia total: 1924

Iteracao: 109
Caminho: 0, 1, 2, 3, 4, 7, 31, 45, 55, 63, 69, 89, 67, 36, 25, 29, 82, 77, 44, 64, 46, 56, 68, 76, 41, 23, 16, 9, 28, 18, 19, 8, 42, 54, 57, 51, 81, 60, 78, 39, 37, 88, 92, 94, 72, 61, 26, 21, 15, 6, 22, 73, 87, 95, 98, 99, 66, 30, 40, 38, 35, 86, 91, 75, 43, 84, 70, 52, 47, 17, 24, 12, 11, 13, 14, 32, 58, 93, 71, 96, 83, 90, 79, 62, 65, 80, 85, 48, 50, 34, 5, 10, 49, 33, 53, 97, 74, 59, 27, 20
Distancia total: 1924

Iteracao: 110
Caminho: 0, 1, 2, 3, 4, 7, 31, 45, 55, 63, 69, 89, 67, 36, 25, 29, 82, 77, 44, 64, 46, 56, 68, 76, 41, 23, 16, 9, 28, 18, 19, 8, 42, 54, 57, 51, 81, 60, 78, 39, 37, 88, 92, 94, 72, 61, 26, 21, 15, 6, 22, 73, 87, 95, 98, 99, 66, 30, 40, 38, 35, 86, 91, 75, 43, 84, 70, 52, 47, 17, 24, 12, 11, 13, 14, 32, 58, 93, 71, 96, 83, 90, 79, 62, 65, 80, 85, 48, 50, 34, 5, 10, 49, 33, 53, 97, 74, 59, 27, 20
Distancia total: 1924

Iteracao: 111
Caminho: 0, 1, 2, 3, 4, 7, 31, 45, 55, 63, 69, 89, 67, 36, 25, 29, 82, 77, 44, 64, 46, 56, 68, 76, 41, 23, 16, 9, 28, 18, 19, 8, 42, 54, 57, 51, 81, 60, 78, 39, 37, 88, 92, 94, 72, 61, 26, 21, 15, 6, 22, 73, 87, 95, 98, 99, 66, 30, 40, 38, 35, 86, 91, 75, 43, 84, 70, 52, 47, 17, 24, 12, 11, 13, 14, 32, 58, 93, 71, 96, 83, 90, 79, 62, 65, 80, 85, 48, 50, 34, 5, 10, 49, 33, 53, 97, 74, 59, 27, 20
Distancia total: 1924

Iteracao: 112
Caminho: 0, 1, 2, 3, 4, 7, 31, 45, 55, 63, 69, 89, 67, 36, 25, 29, 82, 77, 44, 64, 46, 56, 68, 76, 41, 23, 16, 9, 28, 18, 19, 8, 42, 54, 57, 51, 81, 60, 78, 39, 37, 88, 92, 94, 72, 61, 26, 21, 15, 6, 22, 73, 87, 95, 98, 99, 66, 30, 40, 38, 35, 86, 91, 75, 43, 84, 70, 52, 47, 17, 24, 12, 11, 13, 14, 32, 58, 93, 71, 96, 83, 90, 79, 62, 65, 80, 85, 48, 50, 34, 5, 10, 49, 33, 53, 97, 74, 59, 27, 20
Distancia total: 1924

Iteracao: 113
Caminho: 0, 1, 2, 3, 4, 7, 31, 45, 55, 63, 69, 89, 67, 36, 25, 29, 82, 77, 44, 64, 46, 56, 68, 76, 41, 23, 16, 9, 28, 18, 19, 8, 42, 54, 57, 51, 81, 60, 78, 39, 37, 88, 92, 94, 72, 61, 26, 21, 15, 6, 22, 73, 87, 95, 98, 99, 66, 30, 40, 38, 35, 86, 91, 75, 43, 84, 70, 52, 47, 17, 24, 12, 11, 13, 14, 32, 58, 93, 71, 96, 83, 90, 79, 62, 65, 80, 85, 48, 50, 34, 5, 10, 49, 33, 53, 97, 74, 59, 27, 20
Distancia total: 1924

Iteracao: 114
Caminho: 0, 1, 2, 3, 4, 7, 31, 45, 55, 63, 69, 89, 67, 36, 25, 29, 82, 77, 44, 64, 46, 56, 68, 76, 41, 23, 16, 9, 28, 18, 19, 8, 42, 54, 57, 51, 81, 60, 78, 39, 37, 88, 92, 94, 72, 61, 26, 21, 15, 6, 22, 73, 87, 95, 98, 99, 66, 30, 40, 38, 35, 86, 91, 75, 43, 84, 70, 52, 47, 17, 24, 12, 11, 13, 14, 32, 58, 93, 71, 96, 83, 90, 79, 62, 65, 80, 85, 48, 50, 34, 5, 10, 49, 33, 53, 97, 74, 59, 27, 20
Distancia total: 1924

Iteracao: 115
Caminho: 0, 1, 2, 3, 4, 7, 31, 45, 55, 63, 69, 89, 67, 36, 25, 29, 82, 77, 44, 64, 46, 56, 68, 76, 41, 23, 16, 9, 28, 18, 19, 8, 42, 54, 57, 51, 81, 60, 78, 39, 37, 88, 92, 94, 72, 61, 26, 21, 15, 6, 22, 73, 87, 95, 98, 99, 66, 30, 40, 38, 35, 86, 91, 75, 43, 84, 70, 52, 47, 17, 24, 12, 11, 13, 14, 32, 58, 93, 71, 96, 83, 90, 79, 62, 65, 80, 85, 48, 50, 34, 5, 10, 49, 33, 53, 97, 74, 59, 27, 20
Distancia total: 1924

Iteracao: 116
Caminho: 0, 1, 2, 3, 4, 7, 31, 45, 55, 63, 69, 89, 67, 36, 25, 29, 82, 77, 44, 64, 46, 56, 68, 76, 41, 23, 16, 9, 28, 18, 19, 8, 42, 54, 57, 51, 81, 60, 78, 39, 37, 88, 92, 94, 72, 61, 26, 21, 15, 6, 22, 73, 87, 95, 98, 99, 66, 30, 40, 38, 35, 86, 91, 75, 43, 84, 70, 52, 47, 17, 24, 12, 11, 13, 14, 32, 58, 93, 71, 96, 83, 90, 79, 62, 65, 80, 85, 48, 50, 34, 5, 10, 49, 33, 53, 97, 74, 59, 27, 20
Distancia total: 1924

Iteracao: 117
Caminho: 0, 1, 2, 3, 4, 7, 31, 45, 55, 63, 69, 89, 67, 36, 25, 29, 82, 77, 44, 64, 46, 56, 68, 76, 41, 23, 16, 9, 28, 18, 19, 8, 42, 54, 57, 51, 81, 60, 78, 39, 37, 88, 92, 94, 72, 61, 26, 21, 15, 6, 22, 73, 87, 95, 98, 99, 66, 30, 40, 38, 35, 86, 91, 75, 43, 84, 70, 52, 47, 17, 24, 12, 11, 13, 14, 32, 58, 93, 71, 96, 83, 90, 79, 62, 65, 80, 85, 48, 50, 34, 5, 10, 49, 33, 53, 97, 74, 59, 27, 20
Distancia total: 1924

Iteracao: 118
Caminho: 0, 1, 2, 3, 4, 7, 31, 45, 55, 63, 69, 89, 67, 36, 25, 29, 82, 77, 44, 64, 46, 56, 68, 76, 41, 23, 16, 9, 28, 18, 19, 8, 42, 54, 57, 51, 81, 60, 78, 39, 37, 88, 92, 94, 72, 61, 26, 21, 15, 6, 22, 73, 87, 95, 98, 99, 66, 30, 40, 38, 35, 86, 91, 75, 43, 84, 70, 52, 47, 17, 24, 12, 11, 13, 14, 32, 58, 93, 71, 96, 83, 90, 79, 62, 65, 80, 85, 48, 50, 34, 5, 10, 49, 33, 53, 97, 74, 59, 27, 20
Distancia total: 1924

Iteracao: 119
Caminho: 0, 1, 2, 3, 4, 7, 31, 45, 55, 63, 69, 89, 67, 36, 25, 29, 82, 77, 44, 64, 46, 56, 68, 76, 41, 23, 16, 9, 28, 18, 19, 8, 42, 54, 57, 51, 81, 60, 78, 39, 37, 88, 92, 94, 72, 61, 26, 21, 15, 6, 22, 73, 87, 95, 98, 99, 66, 30, 40, 38, 35, 86, 91, 75, 43, 84, 70, 52, 47, 17, 24, 12, 11, 13, 14, 32, 58, 93, 71, 96, 83, 90, 79, 62, 65, 80, 85, 48, 50, 34, 5, 10, 49, 33, 53, 97, 74, 59, 27, 20
Distancia total: 1924

Iteracao: 120
Caminho: 0, 1, 2, 3, 4, 7, 31, 45, 55, 63, 69, 89, 67, 36, 25, 29, 82, 77, 44, 64, 46, 56, 68, 76, 41, 23, 16, 9, 28, 18, 19, 8, 42, 54, 57, 51, 81, 60, 78, 39, 37, 88, 92, 94, 72, 61, 26, 21, 15, 6, 22, 73, 87, 95, 98, 99, 66, 30, 40, 38, 35, 86, 91, 75, 43, 24, 12, 11, 13, 14, 32, 58, 93, 84, 70, 52, 17, 47, 83, 71, 96, 90, 79, 62, 65, 80, 85, 48, 50, 34, 5, 10, 49, 33, 53, 97, 74, 59, 27, 20
Distancia total: 1908

Iteracao: 121
Caminho: 0, 1, 2, 3, 4, 7, 31, 45, 55, 63, 69, 89, 67, 36, 25, 29, 82, 77, 44, 64, 46, 56, 68, 76, 41, 23, 16, 9, 28, 18, 19, 8, 42, 54, 57, 51, 81, 60, 78, 39, 37, 88, 92, 94, 72, 61, 26, 21, 15, 6, 22, 73, 87, 95, 98, 99, 66, 30, 40, 38, 35, 86, 91, 75, 43, 24, 12, 11, 13, 14, 32, 58, 93, 84, 70, 52, 17, 47, 83, 71, 96, 90, 79, 62, 65, 80, 85, 48, 50, 34, 5, 10, 49, 33, 53, 97, 74, 59, 27, 20
Distancia total: 1908

Iteracao: 122
Caminho: 0, 1, 2, 3, 4, 7, 31, 45, 55, 63, 69, 89, 67, 36, 25, 29, 82, 77, 44, 64, 46, 56, 68, 76, 41, 23, 16, 9, 28, 18, 19, 8, 42, 54, 57, 51, 81, 60, 78, 39, 37, 88, 92, 94, 72, 61, 26, 21, 15, 6, 22, 73, 87, 95, 98, 99, 66, 30, 40, 38, 35, 86, 91, 75, 43, 24, 12, 11, 13, 14, 32, 58, 93, 84, 70, 52, 17, 47, 83, 71, 96, 90, 79, 62, 65, 80, 85, 48, 50, 34, 5, 10, 49, 33, 53, 97, 74, 59, 27, 20
Distancia total: 1908

Iteracao: 123
Caminho: 0, 1, 2, 3, 4, 7, 31, 45, 55, 63, 69, 89, 67, 36, 25, 29, 82, 77, 44, 64, 46, 56, 68, 76, 41, 23, 16, 9, 28, 18, 19, 8, 42, 54, 57, 51, 81, 60, 78, 39, 37, 88, 92, 94, 72, 61, 26, 21, 15, 6, 22, 73, 87, 95, 98, 99, 66, 30, 40, 38, 35, 86, 91, 75, 43, 24, 12, 11, 13, 14, 32, 58, 93, 84, 70, 52, 17, 47, 83, 71, 96, 90, 79, 62, 65, 80, 85, 48, 50, 34, 5, 10, 49, 33, 53, 97, 74, 59, 27, 20
Distancia total: 1908

Iteracao: 124
Caminho: 0, 1, 2, 3, 4, 7, 31, 45, 55, 63, 69, 89, 67, 36, 25, 29, 82, 77, 44, 64, 46, 56, 68, 76, 41, 23, 16, 9, 28, 18, 19, 8, 42, 54, 57, 51, 81, 60, 78, 39, 37, 88, 92, 94, 72, 61, 26, 21, 15, 6, 22, 73, 87, 95, 98, 99, 66, 30, 40, 38, 35, 86, 91, 75, 43, 24, 12, 11, 13, 14, 32, 58, 93, 84, 70, 52, 17, 47, 83, 71, 96, 90, 79, 62, 65, 80, 85, 48, 50, 34, 5, 10, 49, 33, 53, 97, 74, 59, 27, 20
Distancia total: 1908

Iteracao: 125
Caminho: 0, 1, 2, 3, 4, 7, 31, 45, 55, 63, 69, 89, 67, 36, 25, 29, 82, 77, 44, 64, 46, 56, 68, 76, 41, 23, 16, 9, 28, 18, 19, 8, 42, 54, 57, 51, 81, 60, 78, 39, 37, 88, 92, 94, 72, 61, 26, 21, 15, 6, 22, 73, 87, 95, 98, 99, 66, 30, 40, 38, 35, 86, 91, 75, 43, 24, 12, 11, 13, 14, 32, 58, 93, 84, 70, 52, 17, 47, 83, 71, 96, 90, 79, 62, 65, 80, 85, 48, 50, 34, 5, 10, 49, 33, 53, 97, 74, 59, 27, 20
Distancia total: 1908

Iteracao: 126
Caminho: 0, 1, 2, 3, 4, 7, 31, 45, 55, 63, 69, 89, 67, 36, 25, 29, 82, 77, 44, 64, 46, 56, 68, 76, 41, 23, 16, 9, 28, 18, 19, 8, 42, 54, 57, 51, 81, 60, 78, 39, 37, 88, 92, 94, 72, 61, 26, 21, 15, 6, 22, 73, 87, 95, 98, 99, 66, 30, 40, 38, 35, 86, 91, 75, 43, 24, 12, 11, 13, 14, 32, 58, 93, 84, 70, 52, 17, 47, 83, 71, 96, 90, 79, 62, 65, 80, 85, 48, 50, 34, 5, 10, 49, 33, 53, 97, 74, 59, 27, 20
Distancia total: 1908

Iteracao: 127
Caminho: 0, 1, 2, 3, 4, 7, 31, 45, 55, 63, 69, 89, 67, 36, 25, 29, 82, 77, 44, 64, 46, 56, 68, 76, 41, 23, 16, 9, 28, 18, 19, 8, 42, 54, 57, 51, 81, 60, 78, 39, 37, 88, 92, 94, 72, 61, 26, 21, 15, 6, 22, 73, 87, 95, 98, 99, 66, 30, 40, 38, 35, 86, 91, 75, 43, 24, 12, 11, 13, 14, 32, 58, 93, 84, 70, 52, 17, 47, 83, 71, 96, 90, 79, 62, 65, 80, 85, 48, 50, 34, 5, 10, 49, 33, 53, 97, 74, 59, 27, 20
Distancia total: 1908

Iteracao: 128
Caminho: 0, 1, 2, 3, 4, 7, 31, 45, 55, 63, 69, 89, 67, 36, 25, 29, 82, 77, 44, 64, 46, 56, 68, 76, 41, 23, 16, 9, 28, 18, 19, 8, 42, 54, 57, 51, 81, 60, 78, 39, 37, 88, 92, 94, 72, 61, 26, 21, 15, 6, 22, 73, 87, 95, 98, 99, 66, 30, 40, 38, 35, 86, 91, 75, 43, 24, 12, 11, 13, 14, 32, 58, 93, 84, 70, 52, 17, 47, 83, 71, 96, 90, 79, 62, 65, 80, 85, 48, 50, 34, 5, 10, 49, 33, 53, 97, 74, 59, 27, 20
Distancia total: 1908

Iteracao: 129
Caminho: 0, 1, 2, 3, 4, 7, 31, 45, 55, 63, 69, 89, 67, 36, 25, 29, 82, 77, 44, 64, 46, 56, 68, 76, 41, 23, 16, 9, 28, 18, 19, 8, 42, 54, 57, 51, 81, 60, 78, 39, 37, 88, 92, 94, 72, 61, 26, 21, 15, 6, 22, 73, 87, 95, 98, 99, 66, 30, 40, 38, 35, 86, 91, 75, 43, 24, 12, 11, 13, 14, 32, 58, 93, 84, 70, 52, 17, 47, 83, 71, 96, 90, 79, 62, 65, 80, 85, 48, 50, 34, 5, 10, 49, 33, 53, 97, 74, 59, 27, 20
Distancia total: 1908

Iteracao: 130
Caminho: 0, 1, 2, 3, 4, 7, 31, 45, 55, 63, 69, 89, 67, 36, 25, 29, 82, 77, 44, 64, 46, 56, 68, 76, 41, 23, 16, 9, 28, 18, 19, 8, 42, 54, 57, 51, 81, 60, 78, 39, 37, 88, 92, 94, 72, 61, 26, 21, 15, 6, 22, 73, 87, 95, 98, 99, 66, 30, 40, 38, 35, 86, 91, 75, 43, 24, 12, 11, 13, 14, 32, 58, 93, 84, 70, 52, 17, 47, 83, 71, 96, 90, 79, 62, 65, 80, 85, 48, 50, 34, 5, 10, 49, 33, 53, 97, 74, 59, 27, 20
Distancia total: 1908

Iteracao: 131
Caminho: 0, 1, 2, 3, 4, 7, 31, 45, 55, 63, 69, 89, 67, 36, 25, 29, 82, 77, 44, 64, 46, 56, 68, 76, 41, 23, 16, 9, 28, 18, 19, 8, 42, 54, 57, 51, 81, 60, 78, 39, 37, 88, 92, 94, 72, 61, 26, 21, 15, 6, 22, 73, 87, 95, 98, 99, 66, 30, 40, 38, 35, 86, 91, 75, 43, 24, 12, 11, 13, 14, 32, 58, 93, 84, 70, 52, 17, 47, 83, 71, 96, 90, 79, 62, 65, 80, 85, 48, 50, 34, 5, 10, 49, 33, 53, 97, 74, 59, 27, 20
Distancia total: 1908

Iteracao: 132
Caminho: 0, 1, 2, 3, 4, 7, 31, 45, 55, 63, 69, 89, 67, 36, 25, 29, 82, 77, 44, 64, 46, 56, 68, 76, 41, 23, 16, 9, 28, 18, 19, 8, 42, 54, 57, 51, 81, 60, 78, 39, 37, 88, 92, 94, 72, 61, 26, 21, 15, 6, 22, 73, 87, 95, 98, 99, 66, 30, 40, 38, 35, 86, 91, 75, 43, 24, 12, 11, 13, 14, 32, 58, 93, 84, 70, 52, 17, 47, 83, 71, 96, 90, 79, 62, 65, 80, 85, 48, 50, 34, 5, 10, 49, 33, 53, 97, 74, 59, 27, 20
Distancia total: 1908

Iteracao: 133
Caminho: 0, 1, 2, 3, 4, 7, 31, 45, 55, 63, 69, 89, 67, 36, 25, 29, 82, 77, 44, 64, 46, 56, 68, 76, 41, 23, 16, 9, 28, 18, 19, 8, 42, 54, 57, 51, 81, 60, 78, 39, 37, 88, 92, 94, 72, 61, 26, 21, 15, 6, 22, 73, 87, 95, 98, 99, 66, 30, 40, 38, 35, 86, 91, 75, 43, 24, 12, 11, 13, 14, 32, 58, 93, 84, 70, 52, 17, 47, 83, 71, 96, 90, 79, 62, 65, 80, 85, 48, 50, 34, 5, 10, 49, 33, 53, 97, 74, 59, 27, 20
Distancia total: 1908

Iteracao: 134
Caminho: 0, 1, 2, 3, 4, 7, 31, 45, 55, 63, 69, 89, 67, 36, 25, 29, 82, 77, 44, 64, 46, 56, 68, 76, 41, 23, 16, 9, 28, 18, 19, 8, 42, 54, 57, 51, 81, 60, 78, 39, 37, 88, 92, 94, 72, 61, 26, 21, 15, 6, 22, 73, 87, 95, 98, 99, 66, 30, 40, 38, 35, 86, 91, 75, 43, 24, 12, 11, 13, 14, 32, 58, 93, 84, 70, 52, 17, 47, 83, 71, 96, 90, 79, 62, 65, 80, 85, 48, 50, 34, 5, 10, 49, 33, 53, 97, 74, 59, 27, 20
Distancia total: 1908

Iteracao: 135
Caminho: 0, 1, 2, 3, 4, 7, 31, 45, 55, 63, 69, 89, 67, 36, 25, 29, 82, 77, 44, 64, 46, 56, 68, 76, 41, 23, 16, 9, 28, 18, 19, 8, 42, 54, 57, 51, 81, 60, 78, 39, 37, 88, 92, 94, 72, 61, 26, 21, 15, 6, 22, 73, 87, 95, 98, 99, 66, 30, 40, 38, 35, 86, 91, 75, 43, 24, 12, 11, 13, 14, 32, 58, 93, 84, 70, 52, 17, 47, 83, 71, 96, 90, 79, 62, 65, 80, 85, 48, 50, 34, 5, 10, 49, 33, 53, 97, 74, 59, 27, 20
Distancia total: 1908

Iteracao: 136
Caminho: 0, 1, 2, 3, 4, 7, 31, 45, 55, 63, 69, 89, 67, 36, 25, 29, 82, 77, 44, 64, 46, 56, 68, 76, 41, 23, 16, 9, 28, 18, 19, 8, 42, 54, 57, 51, 81, 60, 78, 39, 37, 88, 92, 94, 72, 61, 26, 21, 15, 6, 22, 73, 87, 95, 98, 99, 66, 30, 40, 38, 35, 86, 91, 75, 43, 24, 12, 11, 13, 14, 32, 58, 93, 84, 70, 52, 17, 47, 83, 71, 96, 90, 79, 62, 65, 80, 85, 48, 50, 34, 5, 10, 49, 33, 53, 97, 74, 59, 27, 20
Distancia total: 1908

Iteracao: 137
Caminho: 0, 1, 2, 3, 4, 7, 31, 45, 55, 63, 69, 89, 67, 36, 25, 29, 82, 77, 44, 64, 46, 56, 68, 76, 41, 23, 16, 9, 28, 18, 19, 8, 42, 54, 57, 51, 81, 60, 78, 39, 37, 88, 92, 94, 72, 61, 26, 21, 15, 6, 22, 73, 87, 95, 98, 99, 66, 30, 40, 38, 35, 86, 91, 75, 43, 24, 12, 11, 13, 14, 32, 58, 93, 84, 70, 52, 17, 47, 83, 71, 96, 90, 79, 62, 65, 80, 85, 48, 50, 34, 5, 10, 49, 33, 53, 97, 74, 59, 27, 20
Distancia total: 1908

Iteracao: 138
Caminho: 0, 1, 2, 3, 4, 7, 31, 45, 55, 63, 69, 89, 67, 36, 25, 29, 82, 77, 44, 64, 46, 56, 68, 76, 41, 23, 16, 9, 28, 18, 19, 8, 42, 54, 57, 51, 81, 60, 78, 39, 37, 88, 92, 94, 72, 61, 26, 21, 15, 6, 22, 73, 87, 95, 98, 99, 66, 30, 40, 38, 35, 86, 91, 75, 43, 24, 12, 11, 13, 14, 32, 58, 93, 84, 70, 52, 17, 47, 83, 71, 96, 90, 79, 62, 65, 80, 85, 48, 50, 34, 5, 10, 49, 33, 53, 97, 74, 59, 27, 20
Distancia total: 1908

Iteracao: 139
Caminho: 0, 1, 2, 3, 4, 7, 31, 45, 55, 63, 69, 89, 67, 36, 25, 29, 82, 77, 44, 64, 46, 56, 68, 76, 41, 23, 16, 9, 28, 18, 19, 8, 42, 54, 57, 51, 81, 60, 78, 39, 37, 88, 92, 94, 72, 61, 26, 21, 15, 6, 22, 73, 87, 95, 98, 99, 66, 30, 40, 38, 35, 86, 91, 75, 43, 24, 12, 11, 13, 14, 32, 58, 93, 84, 70, 52, 17, 47, 83, 71, 96, 90, 79, 62, 65, 80, 85, 48, 50, 34, 5, 10, 49, 33, 53, 97, 74, 59, 27, 20
Distancia total: 1908

Iteracao: 140
Caminho: 0, 1, 2, 3, 4, 7, 31, 45, 55, 63, 69, 89, 67, 36, 25, 29, 82, 77, 44, 64, 46, 56, 68, 76, 41, 23, 16, 9, 28, 18, 19, 8, 42, 54, 57, 51, 81, 60, 78, 39, 37, 88, 92, 94, 72, 61, 26, 21, 15, 6, 22, 73, 87, 95, 98, 99, 66, 30, 40, 38, 35, 86, 91, 75, 43, 24, 12, 11, 13, 14, 32, 58, 93, 84, 70, 52, 17, 47, 83, 71, 96, 90, 79, 62, 65, 80, 85, 48, 50, 34, 5, 10, 49, 33, 53, 97, 74, 59, 27, 20
Distancia total: 1908

Iteracao: 141
Caminho: 0, 1, 2, 3, 4, 7, 31, 45, 55, 63, 69, 89, 67, 36, 25, 29, 82, 77, 44, 64, 46, 56, 68, 76, 41, 23, 16, 9, 28, 18, 19, 8, 42, 54, 57, 51, 81, 60, 78, 39, 37, 88, 92, 94, 72, 61, 26, 21, 15, 6, 22, 73, 87, 95, 98, 99, 66, 30, 40, 38, 35, 86, 91, 75, 43, 24, 12, 11, 13, 14, 32, 58, 93, 84, 70, 52, 17, 47, 83, 71, 96, 90, 79, 62, 65, 80, 85, 48, 50, 34, 5, 10, 49, 33, 53, 97, 74, 59, 27, 20
Distancia total: 1908

Iteracao: 142
Caminho: 0, 1, 2, 3, 4, 7, 31, 45, 55, 63, 69, 89, 67, 36, 25, 29, 82, 77, 44, 64, 46, 56, 68, 76, 41, 23, 16, 9, 28, 18, 19, 8, 42, 54, 57, 51, 81, 60, 78, 39, 37, 88, 92, 94, 72, 61, 26, 21, 15, 6, 22, 73, 87, 95, 98, 99, 66, 30, 40, 38, 35, 86, 91, 75, 43, 24, 12, 11, 13, 14, 32, 58, 93, 84, 70, 52, 17, 47, 83, 71, 96, 90, 79, 62, 65, 80, 85, 48, 50, 34, 5, 10, 49, 33, 53, 97, 74, 59, 27, 20
Distancia total: 1908

Iteracao: 143
Caminho: 0, 1, 2, 3, 4, 7, 31, 45, 55, 63, 69, 89, 67, 36, 25, 29, 82, 77, 44, 64, 46, 56, 68, 76, 41, 23, 16, 9, 28, 18, 19, 8, 42, 54, 57, 51, 81, 60, 78, 39, 37, 88, 92, 94, 72, 61, 26, 21, 15, 6, 22, 73, 87, 95, 98, 99, 66, 30, 40, 38, 35, 86, 91, 75, 43, 24, 12, 11, 13, 14, 32, 58, 93, 84, 70, 52, 17, 47, 83, 71, 96, 90, 79, 62, 65, 80, 85, 48, 50, 34, 5, 10, 49, 33, 53, 97, 74, 59, 27, 20
Distancia total: 1908

Iteracao: 144
Caminho: 0, 1, 2, 3, 4, 7, 31, 45, 55, 63, 69, 89, 67, 36, 25, 29, 82, 77, 44, 64, 46, 56, 68, 76, 41, 23, 16, 9, 28, 18, 19, 8, 42, 54, 57, 51, 81, 60, 78, 39, 37, 88, 92, 94, 72, 61, 26, 21, 15, 6, 22, 73, 87, 95, 98, 99, 66, 30, 40, 38, 35, 86, 91, 75, 43, 24, 12, 11, 13, 14, 32, 58, 93, 84, 70, 52, 17, 47, 83, 71, 96, 90, 79, 62, 65, 80, 85, 48, 50, 34, 5, 10, 49, 33, 53, 97, 74, 59, 27, 20
Distancia total: 1908

Iteracao: 145
Caminho: 0, 1, 2, 3, 4, 7, 31, 45, 55, 63, 69, 89, 67, 36, 25, 29, 82, 77, 44, 64, 46, 56, 68, 76, 41, 23, 16, 9, 28, 18, 19, 8, 42, 54, 57, 51, 81, 60, 78, 39, 37, 88, 92, 94, 72, 61, 26, 21, 15, 6, 22, 73, 87, 95, 98, 99, 66, 30, 40, 38, 35, 86, 91, 75, 43, 24, 12, 11, 13, 14, 32, 58, 93, 84, 70, 52, 17, 47, 83, 71, 96, 90, 79, 62, 65, 80, 85, 48, 50, 34, 5, 10, 49, 33, 53, 97, 74, 59, 27, 20
Distancia total: 1908

Iteracao: 146
Caminho: 0, 1, 2, 3, 4, 7, 31, 45, 55, 63, 69, 89, 67, 36, 25, 29, 82, 77, 44, 64, 46, 56, 68, 76, 41, 23, 16, 9, 28, 18, 19, 8, 42, 54, 57, 51, 81, 60, 78, 39, 37, 88, 92, 94, 72, 61, 26, 21, 15, 6, 22, 73, 87, 95, 98, 99, 66, 30, 40, 38, 35, 86, 91, 75, 43, 24, 12, 11, 13, 14, 32, 58, 93, 84, 70, 52, 17, 47, 83, 71, 96, 90, 79, 62, 65, 80, 85, 48, 50, 34, 5, 10, 49, 33, 53, 97, 74, 59, 27, 20
Distancia total: 1908

Iteracao: 147
Caminho: 0, 1, 2, 3, 4, 7, 31, 45, 55, 63, 69, 89, 67, 36, 25, 29, 82, 77, 44, 64, 46, 56, 68, 76, 41, 23, 16, 9, 28, 18, 19, 8, 42, 54, 57, 51, 81, 60, 78, 39, 37, 88, 92, 94, 72, 61, 26, 21, 15, 6, 22, 73, 87, 95, 98, 99, 66, 30, 40, 38, 35, 86, 91, 75, 43, 24, 12, 11, 13, 14, 32, 58, 93, 84, 70, 52, 17, 47, 83, 71, 96, 90, 79, 62, 65, 80, 85, 48, 50, 34, 5, 10, 49, 33, 53, 97, 74, 59, 27, 20
Distancia total: 1908

Iteracao: 148
Caminho: 0, 1, 2, 3, 4, 7, 31, 45, 55, 63, 69, 89, 67, 36, 25, 29, 82, 77, 44, 64, 46, 56, 68, 76, 41, 23, 16, 9, 28, 18, 19, 8, 42, 54, 57, 51, 81, 60, 78, 39, 37, 88, 92, 94, 72, 61, 26, 21, 15, 6, 22, 73, 87, 95, 98, 99, 66, 30, 40, 38, 35, 86, 91, 75, 43, 24, 12, 11, 13, 14, 32, 58, 93, 84, 70, 52, 17, 47, 83, 71, 96, 90, 79, 62, 65, 80, 85, 48, 50, 34, 5, 10, 49, 33, 53, 97, 74, 59, 27, 20
Distancia total: 1908

Iteracao: 149
Caminho: 0, 1, 2, 3, 4, 7, 31, 45, 55, 63, 69, 89, 67, 36, 25, 29, 82, 77, 44, 64, 46, 56, 68, 76, 41, 23, 16, 9, 28, 18, 19, 8, 42, 54, 57, 51, 81, 60, 78, 39, 37, 88, 92, 94, 72, 61, 26, 21, 15, 6, 22, 73, 87, 95, 98, 99, 66, 30, 40, 38, 35, 86, 91, 75, 43, 24, 12, 11, 13, 14, 32, 58, 93, 84, 70, 52, 17, 47, 83, 71, 96, 90, 79, 62, 65, 80, 85, 48, 50, 34, 5, 10, 49, 33, 53, 97, 74, 59, 27, 20
Distancia total: 1908

Iteracao: 150
Caminho: 0, 1, 2, 3, 4, 7, 31, 45, 55, 63, 69, 89, 67, 36, 25, 29, 82, 77, 44, 64, 46, 56, 68, 76, 41, 23, 16, 9, 28, 18, 19, 8, 42, 54, 57, 51, 81, 60, 78, 39, 37, 88, 92, 94, 72, 61, 26, 21, 15, 6, 22, 73, 87, 95, 98, 99, 66, 30, 40, 38, 35, 86, 91, 75, 43, 24, 12, 11, 13, 14, 32, 58, 93, 84, 70, 52, 17, 47, 83, 71, 96, 90, 79, 62, 65, 80, 85, 48, 50, 34, 5, 10, 49, 33, 53, 97, 74, 59, 27, 20
Distancia total: 1908

Iteracao: 151
Caminho: 0, 1, 2, 3, 4, 7, 31, 45, 55, 63, 69, 89, 67, 36, 25, 29, 82, 77, 44, 64, 46, 56, 68, 76, 41, 23, 16, 9, 28, 18, 19, 8, 42, 54, 57, 51, 81, 60, 78, 39, 37, 88, 92, 94, 72, 61, 26, 21, 15, 6, 22, 73, 87, 95, 98, 99, 66, 30, 40, 38, 35, 86, 91, 75, 43, 24, 12, 11, 13, 14, 32, 58, 93, 84, 70, 52, 17, 47, 83, 71, 96, 90, 79, 62, 65, 80, 85, 48, 50, 34, 5, 10, 49, 33, 53, 97, 74, 59, 27, 20
Distancia total: 1908

Iteracao: 152
Caminho: 0, 1, 2, 3, 4, 7, 31, 45, 55, 63, 69, 89, 67, 36, 25, 29, 82, 77, 44, 64, 46, 56, 68, 76, 41, 23, 16, 9, 28, 18, 19, 8, 42, 54, 57, 51, 81, 60, 78, 39, 37, 88, 92, 94, 72, 61, 26, 21, 15, 6, 22, 73, 87, 95, 98, 99, 66, 30, 40, 38, 35, 86, 91, 75, 43, 24, 12, 11, 13, 14, 32, 58, 93, 84, 70, 52, 17, 47, 83, 71, 96, 90, 79, 62, 65, 80, 85, 48, 50, 34, 5, 10, 49, 33, 53, 97, 74, 59, 27, 20
Distancia total: 1908

Iteracao: 153
Caminho: 0, 1, 2, 3, 4, 7, 31, 45, 55, 63, 69, 89, 67, 36, 25, 29, 82, 77, 44, 64, 46, 56, 68, 76, 41, 23, 16, 9, 28, 18, 19, 8, 42, 54, 57, 51, 81, 60, 78, 39, 37, 88, 92, 94, 72, 61, 26, 21, 15, 6, 22, 73, 87, 95, 98, 99, 66, 30, 40, 38, 35, 86, 91, 75, 43, 24, 12, 11, 13, 14, 32, 58, 93, 84, 70, 52, 17, 47, 83, 71, 96, 90, 79, 62, 65, 80, 85, 48, 50, 34, 5, 10, 49, 33, 53, 97, 74, 59, 27, 20
Distancia total: 1908

Iteracao: 154
Caminho: 0, 1, 2, 3, 4, 7, 31, 45, 55, 63, 69, 89, 67, 36, 25, 29, 82, 77, 44, 64, 46, 56, 68, 76, 41, 23, 16, 9, 28, 18, 19, 8, 42, 54, 57, 51, 81, 60, 78, 39, 37, 88, 92, 94, 72, 61, 26, 21, 15, 6, 22, 73, 87, 95, 98, 99, 66, 30, 40, 38, 35, 86, 91, 75, 43, 24, 12, 11, 13, 14, 32, 58, 93, 84, 70, 52, 17, 47, 83, 71, 96, 90, 79, 62, 65, 80, 85, 48, 50, 34, 5, 10, 49, 33, 53, 97, 74, 59, 27, 20
Distancia total: 1908

Iteracao: 155
Caminho: 0, 1, 2, 3, 4, 7, 31, 45, 55, 63, 69, 89, 67, 36, 25, 29, 82, 77, 44, 64, 46, 56, 68, 76, 41, 23, 16, 9, 28, 18, 19, 8, 42, 54, 57, 51, 81, 60, 78, 39, 37, 88, 92, 94, 72, 61, 26, 21, 15, 6, 22, 73, 87, 95, 98, 99, 66, 30, 40, 38, 35, 86, 91, 75, 43, 24, 12, 11, 13, 14, 32, 58, 93, 84, 70, 52, 17, 47, 83, 71, 96, 90, 79, 62, 65, 80, 85, 48, 50, 34, 5, 10, 49, 33, 53, 97, 74, 59, 27, 20
Distancia total: 1908

Iteracao: 156
Caminho: 0, 1, 2, 3, 4, 7, 31, 45, 55, 63, 69, 89, 67, 36, 25, 29, 82, 77, 44, 64, 46, 56, 68, 76, 41, 23, 16, 9, 28, 18, 19, 8, 42, 54, 57, 51, 81, 60, 78, 39, 37, 88, 92, 94, 72, 61, 26, 21, 15, 6, 22, 73, 87, 95, 98, 99, 66, 30, 40, 38, 35, 86, 91, 75, 43, 24, 12, 11, 13, 14, 32, 58, 93, 84, 70, 52, 17, 47, 83, 71, 96, 90, 79, 62, 65, 80, 85, 48, 50, 34, 5, 10, 49, 33, 53, 97, 74, 59, 27, 20
Distancia total: 1908

Iteracao: 157
Caminho: 0, 1, 2, 3, 4, 7, 31, 45, 55, 63, 69, 89, 67, 36, 25, 29, 82, 77, 44, 64, 46, 56, 68, 76, 41, 23, 16, 9, 28, 18, 19, 8, 42, 54, 57, 51, 81, 60, 78, 39, 37, 88, 92, 94, 72, 61, 26, 21, 15, 6, 22, 73, 87, 95, 98, 99, 66, 30, 40, 38, 35, 86, 91, 75, 43, 24, 12, 11, 13, 14, 32, 58, 93, 84, 70, 52, 17, 47, 83, 71, 96, 90, 79, 62, 65, 80, 85, 48, 50, 34, 5, 10, 49, 33, 53, 97, 74, 59, 27, 20
Distancia total: 1908

Iteracao: 158
Caminho: 0, 1, 2, 3, 4, 7, 31, 45, 55, 63, 69, 89, 67, 36, 25, 29, 82, 77, 44, 64, 46, 56, 68, 76, 41, 23, 16, 9, 28, 18, 19, 8, 42, 54, 57, 51, 81, 60, 78, 39, 37, 88, 92, 94, 72, 61, 26, 21, 15, 6, 22, 73, 87, 95, 98, 99, 66, 30, 40, 38, 35, 86, 91, 75, 43, 24, 12, 11, 13, 14, 32, 58, 93, 84, 70, 52, 17, 47, 83, 71, 96, 90, 79, 62, 65, 80, 85, 48, 50, 34, 5, 10, 49, 33, 53, 97, 74, 59, 27, 20
Distancia total: 1908

Iteracao: 159
Caminho: 0, 1, 2, 3, 4, 7, 31, 45, 55, 63, 69, 89, 67, 36, 25, 29, 82, 77, 44, 64, 46, 56, 68, 76, 41, 23, 16, 9, 28, 18, 19, 8, 42, 54, 57, 51, 81, 60, 78, 39, 37, 88, 92, 94, 72, 61, 26, 21, 15, 6, 22, 73, 87, 95, 98, 99, 66, 30, 40, 38, 35, 86, 91, 75, 43, 24, 12, 11, 13, 14, 32, 58, 93, 84, 70, 52, 17, 47, 83, 71, 96, 90, 79, 62, 65, 80, 85, 48, 50, 34, 5, 10, 49, 33, 53, 97, 74, 59, 27, 20
Distancia total: 1908

Iteracao: 160
Caminho: 0, 1, 2, 3, 4, 7, 31, 45, 55, 63, 69, 89, 67, 36, 25, 29, 82, 77, 44, 64, 46, 56, 68, 76, 41, 23, 16, 9, 28, 18, 19, 8, 42, 54, 57, 51, 81, 60, 78, 39, 37, 88, 92, 94, 72, 61, 26, 21, 15, 6, 22, 73, 87, 95, 98, 99, 66, 30, 40, 38, 35, 86, 91, 75, 43, 24, 12, 11, 13, 14, 32, 58, 93, 84, 70, 52, 17, 47, 83, 71, 96, 90, 79, 62, 65, 80, 85, 48, 50, 34, 5, 10, 49, 33, 53, 97, 74, 59, 27, 20
Distancia total: 1908

Iteracao: 161
Caminho: 0, 1, 2, 3, 4, 7, 31, 45, 55, 63, 69, 89, 67, 36, 25, 29, 82, 77, 44, 64, 46, 56, 68, 76, 41, 23, 16, 9, 28, 18, 19, 8, 42, 54, 57, 51, 81, 60, 78, 39, 37, 88, 92, 94, 72, 61, 26, 21, 15, 6, 22, 73, 87, 95, 98, 99, 66, 30, 40, 38, 35, 86, 91, 75, 43, 24, 12, 11, 13, 14, 32, 58, 93, 84, 70, 52, 17, 47, 83, 71, 96, 90, 79, 62, 65, 80, 85, 48, 50, 34, 5, 10, 49, 33, 53, 97, 74, 59, 27, 20
Distancia total: 1908

Iteracao: 162
Caminho: 0, 1, 2, 3, 4, 7, 31, 45, 55, 63, 69, 89, 67, 36, 25, 29, 82, 77, 44, 64, 46, 56, 68, 76, 41, 23, 16, 9, 28, 18, 19, 8, 42, 54, 57, 51, 81, 60, 78, 39, 37, 88, 92, 94, 72, 61, 26, 21, 15, 6, 22, 73, 87, 95, 98, 99, 66, 30, 40, 38, 35, 86, 91, 75, 43, 24, 12, 11, 13, 14, 32, 58, 93, 84, 70, 52, 17, 47, 83, 71, 96, 90, 79, 62, 65, 80, 85, 48, 50, 34, 5, 10, 49, 33, 53, 97, 74, 59, 27, 20
Distancia total: 1908

Iteracao: 163
Caminho: 0, 1, 2, 3, 4, 7, 31, 45, 55, 63, 69, 89, 67, 36, 25, 29, 82, 77, 44, 64, 46, 56, 68, 76, 41, 23, 16, 9, 28, 18, 19, 8, 42, 54, 57, 51, 81, 60, 78, 39, 37, 88, 92, 94, 72, 61, 26, 21, 15, 6, 22, 73, 87, 95, 98, 99, 66, 30, 40, 38, 35, 86, 91, 75, 43, 24, 12, 11, 13, 14, 32, 58, 93, 84, 70, 52, 17, 47, 83, 71, 96, 90, 79, 62, 65, 80, 85, 48, 50, 34, 5, 10, 49, 33, 53, 97, 74, 59, 27, 20
Distancia total: 1908

Iteracao: 164
Caminho: 0, 1, 2, 3, 4, 7, 31, 45, 55, 63, 69, 89, 67, 36, 25, 29, 82, 77, 44, 64, 46, 56, 68, 76, 41, 23, 16, 9, 28, 18, 19, 8, 42, 54, 57, 51, 81, 60, 78, 39, 37, 88, 92, 94, 72, 61, 26, 21, 15, 6, 22, 73, 87, 95, 98, 99, 66, 30, 40, 38, 35, 86, 91, 75, 43, 24, 12, 11, 13, 14, 32, 58, 93, 84, 70, 52, 17, 47, 83, 71, 96, 90, 79, 62, 65, 80, 85, 48, 50, 34, 5, 10, 49, 33, 53, 97, 74, 59, 27, 20
Distancia total: 1908

Iteracao: 165
Caminho: 0, 1, 2, 3, 4, 7, 31, 45, 55, 63, 69, 89, 67, 36, 25, 29, 82, 77, 44, 64, 46, 56, 68, 76, 41, 23, 16, 9, 28, 18, 19, 8, 42, 54, 57, 51, 81, 60, 78, 39, 37, 88, 92, 94, 72, 61, 26, 21, 15, 6, 22, 73, 87, 95, 98, 99, 66, 30, 40, 38, 35, 86, 91, 75, 43, 24, 12, 11, 13, 14, 32, 58, 93, 84, 70, 52, 17, 47, 83, 71, 96, 90, 79, 62, 65, 80, 85, 48, 50, 34, 5, 10, 49, 33, 53, 97, 74, 59, 27, 20
Distancia total: 1908

Iteracao: 166
Caminho: 0, 1, 2, 3, 4, 7, 31, 45, 55, 63, 69, 89, 67, 36, 25, 29, 82, 77, 44, 64, 46, 56, 68, 76, 41, 23, 16, 9, 28, 18, 19, 8, 42, 54, 57, 51, 81, 60, 78, 39, 37, 88, 92, 94, 72, 61, 26, 21, 15, 6, 22, 73, 87, 95, 98, 99, 66, 30, 40, 38, 35, 86, 91, 75, 43, 24, 12, 11, 13, 14, 32, 58, 93, 84, 70, 52, 17, 47, 83, 71, 96, 90, 79, 62, 65, 80, 85, 48, 50, 34, 5, 10, 49, 33, 53, 97, 74, 59, 27, 20
Distancia total: 1908

Iteracao: 167
Caminho: 0, 1, 2, 3, 4, 7, 31, 45, 55, 63, 69, 89, 67, 36, 25, 29, 82, 77, 44, 64, 46, 56, 68, 76, 41, 23, 16, 9, 28, 18, 19, 8, 42, 54, 57, 51, 81, 60, 78, 39, 37, 88, 92, 94, 72, 61, 26, 21, 15, 6, 22, 73, 87, 95, 98, 99, 66, 30, 40, 38, 35, 86, 91, 75, 43, 24, 12, 11, 13, 14, 32, 58, 93, 84, 70, 52, 17, 47, 83, 71, 96, 90, 79, 62, 65, 80, 85, 48, 50, 34, 5, 10, 49, 33, 53, 97, 74, 59, 27, 20
Distancia total: 1908

Iteracao: 168
Caminho: 0, 1, 2, 3, 4, 7, 31, 45, 55, 63, 69, 89, 67, 36, 25, 29, 82, 77, 44, 64, 46, 56, 68, 76, 41, 23, 16, 9, 28, 18, 19, 8, 42, 54, 57, 51, 81, 60, 78, 39, 37, 88, 92, 94, 72, 61, 26, 21, 15, 6, 22, 73, 87, 95, 98, 99, 66, 30, 40, 38, 35, 86, 91, 75, 43, 24, 12, 11, 13, 14, 32, 58, 93, 84, 70, 52, 17, 47, 83, 71, 96, 90, 79, 62, 65, 80, 85, 48, 50, 34, 5, 10, 49, 33, 53, 97, 74, 59, 27, 20
Distancia total: 1908

Iteracao: 169
Caminho: 0, 1, 2, 3, 4, 7, 31, 45, 55, 63, 69, 89, 67, 36, 25, 29, 82, 77, 44, 64, 46, 56, 68, 76, 41, 23, 16, 9, 28, 18, 19, 8, 42, 54, 57, 51, 81, 60, 78, 39, 37, 88, 92, 94, 72, 61, 26, 21, 15, 6, 22, 73, 87, 95, 98, 99, 66, 30, 40, 38, 35, 86, 91, 75, 43, 24, 12, 11, 13, 14, 32, 58, 93, 84, 70, 52, 17, 47, 83, 71, 96, 90, 79, 62, 65, 80, 85, 48, 50, 34, 5, 10, 49, 33, 53, 97, 74, 59, 27, 20
Distancia total: 1908

Iteracao: 170
Caminho: 0, 1, 2, 3, 4, 7, 31, 45, 55, 63, 69, 89, 67, 36, 25, 29, 82, 77, 44, 64, 46, 56, 68, 76, 41, 23, 16, 9, 28, 18, 19, 8, 42, 54, 57, 51, 81, 60, 78, 39, 37, 88, 92, 94, 72, 61, 26, 21, 15, 6, 22, 73, 87, 95, 98, 99, 66, 30, 40, 38, 35, 86, 91, 75, 43, 24, 12, 11, 13, 14, 32, 58, 93, 84, 70, 52, 17, 47, 83, 71, 96, 90, 79, 62, 65, 80, 85, 48, 50, 34, 5, 10, 49, 33, 53, 97, 74, 59, 27, 20
Distancia total: 1908

Iteracao: 171
Caminho: 0, 1, 2, 3, 4, 7, 31, 45, 55, 63, 69, 89, 67, 36, 25, 29, 82, 77, 44, 64, 46, 56, 68, 76, 41, 23, 16, 9, 28, 18, 19, 8, 42, 54, 57, 51, 81, 60, 78, 39, 37, 88, 92, 94, 72, 61, 26, 21, 15, 6, 22, 73, 87, 95, 98, 99, 66, 30, 40, 38, 35, 86, 91, 75, 43, 24, 12, 11, 13, 14, 32, 58, 93, 84, 70, 52, 17, 47, 83, 71, 96, 90, 79, 62, 65, 80, 85, 48, 50, 34, 5, 10, 49, 33, 53, 97, 74, 59, 27, 20
Distancia total: 1908

Iteracao: 172
Caminho: 0, 1, 2, 3, 4, 7, 31, 45, 55, 63, 69, 89, 67, 36, 25, 29, 82, 77, 44, 64, 46, 56, 68, 76, 41, 23, 16, 9, 28, 18, 19, 8, 42, 54, 57, 51, 81, 60, 78, 39, 37, 88, 92, 94, 72, 61, 26, 21, 15, 6, 22, 73, 87, 95, 98, 99, 66, 30, 40, 38, 35, 86, 91, 75, 43, 24, 12, 11, 13, 14, 32, 58, 93, 84, 70, 52, 17, 47, 83, 71, 96, 90, 79, 62, 65, 80, 85, 48, 50, 34, 5, 10, 49, 33, 53, 97, 74, 59, 27, 20
Distancia total: 1908

Iteracao: 173
Caminho: 0, 1, 2, 3, 4, 7, 31, 45, 55, 63, 69, 89, 67, 36, 25, 29, 82, 77, 44, 64, 46, 56, 68, 76, 41, 23, 16, 9, 28, 18, 19, 8, 42, 54, 57, 51, 81, 60, 78, 39, 37, 88, 92, 94, 72, 61, 26, 21, 15, 6, 22, 73, 87, 95, 98, 99, 66, 30, 40, 38, 35, 86, 91, 75, 43, 24, 12, 11, 13, 14, 32, 58, 93, 84, 70, 52, 17, 47, 83, 71, 96, 90, 79, 62, 65, 80, 85, 48, 50, 34, 5, 10, 49, 33, 53, 97, 74, 59, 27, 20
Distancia total: 1908

Iteracao: 174
Caminho: 0, 1, 2, 3, 4, 7, 31, 45, 55, 63, 69, 89, 67, 36, 25, 29, 82, 77, 44, 64, 46, 56, 68, 76, 41, 23, 16, 9, 28, 18, 19, 8, 42, 54, 57, 51, 81, 60, 78, 39, 37, 88, 92, 94, 72, 61, 26, 21, 15, 6, 22, 73, 87, 95, 98, 99, 66, 30, 40, 38, 35, 86, 91, 75, 43, 24, 12, 11, 13, 14, 32, 58, 93, 84, 70, 52, 17, 47, 83, 71, 96, 90, 79, 62, 65, 80, 85, 48, 50, 34, 5, 10, 49, 33, 53, 97, 74, 59, 27, 20
Distancia total: 1908

Iteracao: 175
Caminho: 0, 1, 2, 3, 4, 7, 31, 45, 55, 63, 69, 89, 67, 36, 25, 29, 82, 77, 44, 64, 46, 56, 68, 76, 41, 23, 16, 9, 28, 18, 19, 8, 42, 54, 57, 51, 81, 60, 78, 39, 37, 88, 92, 94, 72, 61, 26, 21, 15, 6, 22, 73, 87, 95, 98, 99, 66, 30, 40, 38, 35, 86, 91, 75, 43, 24, 12, 11, 13, 14, 32, 58, 93, 84, 70, 52, 17, 47, 83, 71, 96, 90, 79, 62, 65, 80, 85, 48, 50, 34, 5, 10, 49, 33, 53, 97, 74, 59, 27, 20
Distancia total: 1908

Iteracao: 176
Caminho: 0, 1, 2, 3, 4, 7, 31, 45, 55, 63, 69, 89, 67, 36, 25, 29, 82, 77, 44, 64, 46, 56, 68, 76, 41, 23, 16, 9, 28, 18, 19, 8, 42, 54, 57, 51, 81, 60, 78, 39, 37, 88, 92, 94, 72, 61, 26, 21, 15, 6, 22, 73, 87, 95, 98, 99, 66, 30, 40, 38, 35, 86, 91, 75, 43, 24, 12, 11, 13, 14, 32, 58, 93, 84, 70, 52, 17, 47, 83, 71, 96, 90, 79, 62, 65, 80, 85, 48, 50, 34, 5, 10, 49, 33, 53, 97, 74, 59, 27, 20
Distancia total: 1908

Iteracao: 177
Caminho: 0, 1, 2, 3, 4, 7, 31, 45, 55, 63, 69, 89, 67, 36, 25, 29, 82, 77, 44, 64, 46, 56, 68, 76, 41, 23, 16, 9, 28, 18, 19, 8, 42, 54, 57, 51, 81, 60, 78, 39, 37, 88, 92, 94, 72, 61, 26, 21, 15, 6, 22, 73, 87, 95, 98, 99, 66, 30, 40, 38, 35, 86, 91, 75, 43, 24, 12, 11, 13, 14, 32, 58, 93, 84, 70, 52, 17, 47, 83, 71, 96, 90, 79, 62, 65, 80, 85, 48, 50, 34, 5, 10, 49, 33, 53, 97, 74, 59, 27, 20
Distancia total: 1908

Iteracao: 178
Caminho: 0, 1, 2, 3, 4, 7, 31, 45, 55, 63, 69, 89, 67, 36, 25, 29, 82, 77, 44, 64, 46, 56, 68, 76, 41, 23, 16, 9, 28, 18, 19, 8, 42, 54, 57, 51, 81, 60, 78, 39, 37, 88, 92, 94, 72, 61, 26, 21, 15, 6, 22, 73, 87, 95, 98, 99, 66, 30, 40, 38, 35, 86, 91, 75, 43, 24, 12, 11, 13, 14, 32, 58, 93, 84, 70, 52, 17, 47, 83, 71, 96, 90, 79, 62, 65, 80, 85, 48, 50, 34, 5, 10, 49, 33, 53, 97, 74, 59, 27, 20
Distancia total: 1908

Iteracao: 179
Caminho: 0, 1, 2, 3, 4, 7, 31, 45, 55, 63, 69, 89, 67, 36, 25, 29, 82, 77, 44, 64, 46, 56, 68, 76, 41, 23, 16, 9, 28, 18, 19, 8, 42, 54, 57, 51, 81, 60, 78, 39, 37, 88, 92, 94, 72, 61, 26, 21, 15, 6, 22, 73, 87, 95, 98, 99, 66, 30, 40, 38, 35, 86, 91, 75, 43, 24, 12, 11, 13, 14, 32, 58, 93, 84, 70, 52, 17, 47, 83, 71, 96, 90, 79, 62, 65, 80, 85, 48, 50, 34, 5, 10, 49, 33, 53, 97, 74, 59, 27, 20
Distancia total: 1908

Iteracao: 180
Caminho: 0, 1, 2, 3, 4, 7, 31, 45, 55, 63, 69, 89, 67, 36, 25, 29, 82, 77, 44, 64, 46, 56, 68, 76, 41, 23, 16, 9, 28, 18, 19, 8, 42, 54, 57, 51, 81, 60, 78, 39, 37, 88, 92, 94, 72, 61, 26, 21, 15, 6, 22, 73, 87, 95, 98, 99, 66, 30, 40, 38, 35, 86, 91, 75, 43, 24, 12, 11, 13, 14, 32, 58, 93, 84, 70, 52, 17, 47, 83, 71, 96, 90, 79, 62, 65, 80, 85, 48, 50, 34, 5, 10, 49, 33, 53, 97, 74, 59, 27, 20
Distancia total: 1908

Iteracao: 181
Caminho: 0, 1, 2, 3, 4, 7, 31, 45, 55, 63, 69, 89, 67, 36, 25, 29, 82, 77, 44, 64, 46, 56, 68, 76, 41, 23, 16, 9, 28, 18, 19, 8, 42, 54, 57, 51, 81, 60, 78, 39, 37, 88, 92, 94, 72, 61, 26, 21, 15, 6, 22, 73, 87, 95, 98, 99, 66, 30, 40, 38, 35, 86, 91, 75, 43, 24, 12, 11, 13, 14, 32, 58, 93, 84, 70, 52, 17, 47, 83, 71, 96, 90, 79, 62, 65, 80, 85, 48, 50, 34, 5, 10, 49, 33, 53, 97, 74, 59, 27, 20
Distancia total: 1908

Iteracao: 182
Caminho: 0, 1, 2, 3, 4, 7, 31, 45, 55, 63, 69, 89, 67, 36, 25, 29, 82, 77, 44, 64, 46, 56, 68, 76, 41, 23, 16, 9, 28, 18, 19, 8, 42, 54, 57, 51, 81, 60, 78, 39, 37, 88, 92, 94, 72, 61, 26, 21, 15, 6, 22, 73, 87, 95, 98, 99, 66, 30, 40, 38, 35, 86, 91, 75, 43, 24, 12, 11, 13, 14, 32, 58, 93, 84, 70, 52, 17, 47, 83, 71, 96, 90, 79, 62, 65, 80, 85, 48, 50, 34, 5, 10, 49, 33, 53, 97, 74, 59, 27, 20
Distancia total: 1908

Iteracao: 183
Caminho: 0, 1, 2, 3, 4, 7, 31, 45, 55, 63, 69, 89, 67, 36, 25, 29, 82, 77, 44, 64, 46, 56, 68, 76, 41, 23, 16, 9, 28, 18, 19, 8, 42, 54, 57, 51, 81, 60, 78, 39, 37, 88, 92, 94, 72, 61, 26, 21, 15, 6, 22, 73, 87, 95, 98, 99, 66, 30, 40, 38, 35, 86, 91, 75, 43, 24, 12, 11, 13, 14, 32, 58, 93, 84, 70, 52, 17, 47, 83, 71, 96, 90, 79, 62, 65, 80, 85, 48, 50, 34, 5, 10, 49, 33, 53, 97, 74, 59, 27, 20
Distancia total: 1908

Iteracao: 184
Caminho: 0, 1, 2, 3, 4, 7, 31, 45, 55, 63, 69, 89, 67, 36, 25, 29, 82, 77, 44, 64, 46, 56, 68, 76, 41, 23, 16, 9, 28, 18, 19, 8, 42, 54, 57, 51, 81, 60, 78, 39, 37, 88, 92, 94, 72, 61, 26, 21, 15, 6, 22, 73, 87, 95, 98, 99, 66, 30, 40, 38, 35, 86, 91, 75, 43, 24, 12, 11, 13, 14, 32, 58, 93, 84, 70, 52, 17, 47, 83, 71, 96, 90, 79, 62, 65, 80, 85, 48, 50, 34, 5, 10, 49, 33, 53, 97, 74, 59, 27, 20
Distancia total: 1908

Iteracao: 185
Caminho: 0, 1, 2, 3, 4, 7, 31, 45, 55, 63, 69, 89, 67, 36, 25, 29, 82, 77, 44, 64, 46, 56, 68, 76, 41, 23, 16, 9, 28, 18, 19, 8, 42, 54, 57, 51, 81, 60, 78, 39, 37, 88, 92, 94, 72, 61, 26, 21, 15, 6, 22, 73, 87, 95, 98, 99, 66, 30, 40, 38, 35, 86, 91, 75, 43, 24, 12, 11, 13, 14, 32, 58, 93, 84, 70, 52, 17, 47, 83, 71, 96, 90, 79, 62, 65, 80, 85, 48, 50, 34, 5, 10, 49, 33, 53, 97, 74, 59, 27, 20
Distancia total: 1908

Iteracao: 186
Caminho: 0, 1, 2, 3, 4, 7, 31, 45, 55, 63, 69, 89, 67, 36, 25, 29, 82, 77, 44, 64, 46, 56, 68, 76, 41, 23, 16, 9, 28, 18, 19, 8, 42, 54, 57, 51, 81, 60, 78, 39, 37, 88, 92, 94, 72, 61, 26, 21, 15, 6, 22, 73, 87, 95, 98, 99, 66, 30, 40, 38, 35, 86, 91, 75, 43, 24, 12, 11, 13, 14, 32, 58, 93, 84, 70, 52, 17, 47, 83, 71, 96, 90, 79, 62, 65, 80, 85, 48, 50, 34, 5, 10, 49, 33, 53, 97, 74, 59, 27, 20
Distancia total: 1908

Iteracao: 187
Caminho: 0, 1, 2, 3, 4, 7, 31, 45, 55, 63, 69, 89, 67, 36, 25, 29, 82, 77, 44, 64, 46, 56, 68, 76, 41, 23, 16, 9, 28, 18, 19, 8, 42, 54, 57, 51, 81, 60, 78, 39, 37, 88, 92, 94, 72, 61, 26, 21, 15, 6, 22, 73, 87, 95, 98, 99, 66, 30, 40, 38, 35, 86, 91, 75, 43, 24, 12, 11, 13, 14, 32, 58, 93, 84, 70, 52, 17, 47, 83, 71, 96, 90, 79, 62, 65, 80, 85, 48, 50, 34, 5, 10, 49, 33, 53, 97, 74, 59, 27, 20
Distancia total: 1908

Iteracao: 188
Caminho: 0, 1, 2, 3, 4, 7, 31, 45, 55, 63, 69, 89, 67, 36, 25, 29, 82, 77, 44, 64, 46, 56, 68, 76, 41, 23, 16, 9, 28, 18, 19, 8, 42, 54, 57, 51, 81, 60, 78, 39, 37, 88, 92, 94, 72, 61, 26, 21, 15, 6, 22, 73, 87, 95, 98, 99, 66, 30, 40, 38, 35, 86, 91, 75, 43, 24, 12, 11, 13, 14, 32, 58, 93, 84, 70, 52, 17, 47, 83, 71, 96, 90, 79, 62, 65, 80, 85, 48, 50, 34, 5, 10, 49, 33, 53, 97, 74, 59, 27, 20
Distancia total: 1908

Iteracao: 189
Caminho: 0, 1, 2, 3, 4, 7, 31, 45, 55, 63, 69, 89, 67, 36, 25, 29, 82, 77, 44, 64, 46, 56, 68, 76, 41, 23, 16, 9, 28, 18, 19, 8, 42, 54, 57, 51, 81, 60, 78, 39, 37, 88, 92, 94, 72, 61, 26, 21, 15, 6, 22, 73, 87, 95, 98, 99, 66, 30, 40, 38, 35, 86, 91, 75, 43, 24, 12, 11, 13, 14, 32, 58, 93, 84, 70, 52, 17, 47, 83, 71, 96, 90, 79, 62, 65, 80, 85, 48, 50, 34, 5, 10, 49, 33, 53, 97, 74, 59, 27, 20
Distancia total: 1908

Iteracao: 190
Caminho: 0, 1, 2, 3, 4, 7, 31, 45, 55, 63, 69, 89, 67, 36, 25, 29, 82, 77, 44, 64, 46, 56, 68, 76, 41, 23, 16, 9, 28, 18, 19, 8, 42, 54, 57, 51, 81, 60, 78, 39, 37, 88, 92, 94, 72, 61, 26, 21, 15, 6, 22, 73, 87, 95, 98, 99, 66, 30, 40, 38, 35, 86, 91, 75, 43, 24, 12, 11, 13, 14, 32, 58, 93, 84, 70, 52, 17, 47, 83, 71, 96, 90, 79, 62, 65, 80, 85, 48, 50, 34, 5, 10, 49, 33, 53, 97, 74, 59, 27, 20
Distancia total: 1908

Iteracao: 191
Caminho: 0, 1, 2, 3, 4, 7, 31, 45, 55, 63, 69, 89, 67, 36, 25, 29, 82, 77, 44, 64, 46, 56, 68, 76, 41, 23, 16, 9, 28, 18, 19, 8, 42, 54, 57, 51, 81, 60, 78, 39, 37, 88, 92, 94, 72, 61, 26, 21, 15, 6, 22, 73, 87, 95, 98, 99, 66, 30, 40, 38, 35, 86, 91, 75, 43, 24, 12, 11, 13, 14, 32, 58, 93, 84, 70, 52, 17, 47, 83, 71, 96, 90, 79, 62, 65, 80, 85, 48, 50, 34, 5, 10, 49, 33, 53, 97, 74, 59, 27, 20
Distancia total: 1908

Iteracao: 192
Caminho: 0, 1, 2, 3, 4, 7, 31, 45, 55, 63, 69, 89, 67, 36, 25, 29, 82, 77, 44, 64, 46, 56, 68, 76, 41, 23, 16, 9, 28, 18, 19, 8, 42, 54, 57, 51, 81, 60, 78, 39, 37, 88, 92, 94, 72, 61, 26, 21, 15, 6, 22, 73, 87, 95, 98, 99, 66, 30, 40, 38, 35, 86, 91, 75, 43, 24, 12, 11, 13, 14, 32, 58, 93, 84, 70, 52, 17, 47, 83, 71, 96, 90, 79, 62, 65, 80, 85, 48, 50, 34, 5, 10, 49, 33, 53, 97, 74, 59, 27, 20
Distancia total: 1908

Iteracao: 193
Caminho: 0, 1, 2, 3, 4, 7, 31, 45, 55, 63, 69, 89, 67, 36, 25, 29, 82, 77, 44, 64, 46, 56, 68, 76, 41, 23, 16, 9, 28, 18, 19, 8, 42, 54, 57, 51, 81, 60, 78, 39, 37, 88, 92, 94, 72, 61, 26, 21, 15, 6, 22, 73, 87, 95, 98, 99, 66, 30, 40, 38, 35, 86, 91, 75, 43, 24, 12, 11, 13, 14, 32, 58, 93, 84, 70, 52, 17, 47, 83, 71, 96, 90, 79, 62, 65, 80, 85, 48, 50, 34, 5, 10, 49, 33, 53, 97, 74, 59, 27, 20
Distancia total: 1908

Iteracao: 194
Caminho: 0, 1, 2, 3, 4, 7, 31, 45, 55, 63, 69, 89, 67, 36, 25, 29, 82, 77, 44, 64, 46, 56, 68, 76, 41, 23, 16, 9, 28, 18, 19, 8, 42, 54, 57, 51, 81, 60, 78, 39, 37, 88, 92, 94, 72, 61, 26, 21, 15, 6, 22, 73, 87, 95, 98, 99, 66, 30, 40, 38, 35, 86, 91, 75, 43, 24, 12, 11, 13, 14, 32, 58, 93, 84, 70, 52, 17, 47, 83, 71, 96, 90, 79, 62, 65, 80, 85, 48, 50, 34, 5, 10, 49, 33, 53, 97, 74, 59, 27, 20
Distancia total: 1908

Iteracao: 195
Caminho: 0, 1, 2, 3, 4, 7, 31, 45, 55, 63, 69, 89, 67, 36, 25, 29, 82, 77, 44, 64, 46, 56, 68, 76, 41, 23, 16, 9, 28, 18, 19, 8, 42, 54, 57, 51, 81, 60, 78, 39, 37, 88, 92, 94, 72, 61, 26, 21, 15, 6, 22, 73, 87, 95, 98, 99, 66, 30, 40, 38, 35, 86, 91, 75, 43, 24, 12, 11, 13, 14, 32, 58, 93, 84, 70, 52, 17, 47, 83, 71, 96, 90, 79, 62, 65, 80, 85, 48, 50, 34, 5, 10, 49, 33, 53, 97, 74, 59, 27, 20
Distancia total: 1908

Iteracao: 196
Caminho: 0, 1, 2, 3, 4, 7, 31, 45, 55, 63, 69, 89, 67, 36, 25, 29, 82, 77, 44, 64, 46, 56, 68, 76, 41, 23, 16, 9, 28, 18, 19, 8, 42, 54, 57, 51, 81, 60, 78, 39, 37, 88, 92, 94, 72, 61, 26, 21, 15, 6, 22, 73, 87, 95, 98, 99, 66, 30, 40, 38, 35, 86, 91, 75, 43, 24, 12, 11, 13, 14, 32, 58, 93, 84, 70, 52, 17, 47, 83, 71, 96, 90, 79, 62, 65, 80, 85, 48, 50, 34, 5, 10, 49, 33, 53, 97, 74, 59, 27, 20
Distancia total: 1908

Iteracao: 197
Caminho: 0, 1, 2, 3, 4, 7, 31, 45, 55, 63, 69, 89, 67, 36, 25, 29, 82, 77, 44, 64, 46, 56, 68, 76, 41, 23, 16, 9, 28, 18, 19, 8, 42, 54, 57, 51, 81, 60, 78, 39, 37, 88, 92, 94, 72, 61, 26, 21, 15, 6, 22, 73, 87, 95, 98, 99, 66, 30, 40, 38, 35, 86, 91, 75, 43, 24, 12, 11, 13, 14, 32, 58, 93, 84, 70, 52, 17, 47, 83, 71, 96, 90, 79, 62, 65, 80, 85, 48, 50, 34, 5, 10, 49, 33, 53, 97, 74, 59, 27, 20
Distancia total: 1908

Iteracao: 198
Caminho: 0, 1, 2, 3, 4, 7, 31, 45, 55, 63, 69, 89, 67, 36, 25, 29, 82, 77, 44, 64, 46, 56, 68, 76, 41, 23, 16, 9, 28, 18, 19, 8, 42, 54, 57, 51, 81, 60, 78, 39, 37, 88, 92, 94, 72, 61, 26, 21, 15, 6, 22, 73, 87, 95, 98, 99, 66, 30, 40, 38, 35, 86, 91, 75, 43, 24, 12, 11, 13, 14, 32, 58, 93, 84, 70, 52, 17, 47, 83, 71, 96, 90, 79, 62, 65, 80, 85, 48, 50, 34, 5, 10, 49, 33, 53, 97, 74, 59, 27, 20
Distancia total: 1908

Iteracao: 199
Caminho: 0, 1, 2, 3, 4, 7, 31, 45, 55, 63, 69, 89, 67, 36, 25, 29, 82, 77, 44, 64, 46, 56, 68, 76, 41, 23, 16, 9, 28, 18, 19, 8, 42, 54, 57, 51, 81, 60, 78, 39, 37, 88, 92, 94, 72, 61, 26, 21, 15, 6, 22, 73, 87, 95, 98, 99, 66, 30, 40, 38, 35, 86, 91, 75, 43, 24, 12, 11, 13, 14, 32, 58, 93, 84, 70, 52, 17, 47, 83, 71, 96, 90, 79, 62, 65, 80, 85, 48, 50, 34, 5, 10, 49, 33, 53, 97, 74, 59, 27, 20
Distancia total: 1908

Iteracao: 200
Caminho: 0, 1, 2, 3, 4, 7, 31, 45, 55, 63, 69, 89, 67, 36, 25, 29, 82, 77, 44, 64, 46, 56, 68, 76, 41, 23, 16, 9, 28, 18, 19, 8, 42, 54, 57, 51, 81, 60, 78, 39, 37, 88, 92, 94, 72, 61, 26, 21, 15, 6, 22, 73, 87, 95, 98, 99, 66, 30, 40, 38, 35, 86, 91, 75, 43, 24, 12, 11, 13, 14, 32, 58, 93, 84, 70, 52, 17, 47, 83, 71, 96, 90, 79, 62, 65, 80, 85, 48, 50, 34, 5, 10, 49, 33, 53, 97, 74, 59, 27, 20
Distancia total: 1908

